photo,sadness,neutral,contempt,disgust,anger,surprise,fear,happiness,aluno
8:07:24-aluno3-2017-06-19-08:07:27.png,0.009859986,0.8247273,0.0130491862,0.000290292344,0.000186929508,0.0004968915,1.3391872e-05,0.151376024,aluno3
8:07:47-aluno3-2017-06-19-08:07:50.png,0.021019524,0.9746159,0.00180905988,8.536397e-05,7.953717e-05,0.000114998023,3.10182418e-06,0.00227256468,aluno3
8:07:49-aluno3-2017-06-19-08:07:52.png,0.0115617942,0.985226631,0.0006578103,2.96696744e-05,3.069943e-05,0.00019373055,4.347226e-06,0.002295331,aluno3
8:07:51-aluno3-2017-06-19-08:07:54.png,0.0450295769,0.953263938,0.000694206043,6.04119559e-05,7.911688e-05,0.000376636453,1.633074e-05,0.0004797869,aluno3
8:07:53-aluno3-2017-06-19-08:07:56.png,0.03939855,0.9573182,0.00204185117,9.4877e-05,0.000115242146,0.000132647954,6.20691526e-06,0.0008924118,aluno3
8:07:55-aluno3-2017-06-19-08:07:59.png,0.082010895,0.9157457,0.00111374084,0.00016233472,0.000212240309,0.000243511138,2.452604e-05,0.000487055047,aluno3
8:07:57-aluno3-2017-06-19-08:08:02.png,0.0432472825,0.951283336,0.00402738,0.000143018915,0.000126437822,0.000105972118,3.870931e-06,0.00106270111,aluno3
8:07:59-aluno3-2017-06-19-08:08:03.png,0.04497496,0.943914831,0.0005342671,7.35120848e-05,0.000145288621,0.007842991,0.00174295565,0.0007711752,aluno3
8:08:01-aluno3-2017-06-19-08:08:04.png,0.05081243,0.9381552,0.00159848225,0.0005860926,0.000201370989,0.00569457933,0.000199804286,0.00275205425,aluno3
8:08:03-aluno3-2017-06-19-08:08:06.png,0.201271072,0.794751465,0.00185861834,0.000274255523,0.000439648051,0.00040112267,9.759373e-05,0.0009062347,aluno3
8:08:05-aluno3-2017-06-19-08:08:08.png,0.195325837,0.800185442,0.00178301486,0.000514223764,0.000370499474,0.0006397653,9.774472e-05,0.0010834703,aluno3
8:08:07-aluno3-2017-06-19-08:08:10.png,0.0965412557,0.899537,0.00168965291,0.000251645542,0.000328892,0.000535591447,4.99623129e-05,0.001065976,aluno3
8:08:09-aluno3-2017-06-19-08:08:12.png,0.174807757,0.8216193,0.00194006367,0.0001999083,0.000207409161,0.000219309382,3.61370949e-05,0.0009701239,aluno3
8:08:11-aluno3-2017-06-19-08:08:14.png,0.221752211,0.7665953,0.00350914965,0.0005381676,0.00107815617,0.00114538311,0.000356018631,0.00502562337,aluno3
8:08:13-aluno3-2017-06-19-08:08:16.png,0.111287728,0.882574737,0.0015509557,0.0005146449,0.000400647637,0.00124185719,0.000149224448,0.00228017243,aluno3
8:08:15-aluno3-2017-06-19-08:08:18.png,0.08094955,0.908126652,0.00171350257,0.0007774099,0.000231304526,0.005563138,0.000225189156,0.00241324329,aluno3
8:08:17-aluno3-2017-06-19-08:08:20.png,0.09855512,0.8896953,0.00608734,0.00075205,0.0005792966,0.0005690648,6.08579e-05,0.0037010035,aluno3
8:08:19-aluno3-2017-06-19-08:08:21.png,0.0212340429,0.971501768,0.00377880386,0.0002586398,0.000122033518,9.563478e-05,3.511682e-06,0.0030055393,aluno3
8:08:21-aluno3-2017-06-19-08:08:23.png,0.201143265,0.7939605,0.00373948948,0.000251803984,0.000200199283,0.000160396812,1.72119635e-05,0.0005271089,aluno3
8:08:23-aluno3-2017-06-19-08:08:26.png,0.147993192,0.8454031,0.00433521345,0.000292316865,0.000309880881,0.000254330429,3.75258351e-05,0.00137448567,aluno3
8:08:25-aluno3-2017-06-19-08:08:28.png,0.0126258451,0.8961548,0.007444803,0.0007598132,0.000895076431,0.0009510817,3.76375756e-05,0.08113092,aluno3
8:08:27-aluno3-2017-06-19-08:08:30.png,0.0293587055,0.964947939,0.0007412202,6.64149e-05,0.000101221762,0.000473212422,4.38995739e-05,0.00426738057,aluno3
8:08:29-aluno3-2017-06-19-08:08:32.png,0.0809310749,0.903619349,0.001580842,0.000851685938,0.000381148246,0.008961129,0.0005081664,0.003166583,aluno3
8:08:31-aluno3-2017-06-19-08:08:33.png,0.04114843,0.951079965,0.00350833,0.0001678169,0.000122638448,0.000154755951,1.08054728e-05,0.00380726112,aluno3
8:08:33-aluno3-2017-06-19-08:08:36.png,0.02083992,0.9726278,0.00260517513,0.000262302376,0.0001851479,0.00099865,5.379003e-05,0.00242722523,aluno3
8:08:35-aluno3-2017-06-19-08:08:38.png,0.0223075878,0.972720861,0.00178664608,0.000206780649,0.000111622794,0.00134435517,0.000114173992,0.00140795065,aluno3
8:08:37-aluno3-2017-06-19-08:08:40.png,0.0268858485,0.9630273,0.00135243719,0.0003834369,0.000143860991,0.00633502,0.000162522236,0.00170959847,aluno3
8:08:39-aluno3-2017-06-19-08:08:41.png,0.03855876,0.959291041,0.00125284377,9.11674e-05,3.620597e-05,0.000260976,1.170976e-05,0.000497324159,aluno3
8:08:41-aluno3-2017-06-19-08:08:44.png,0.0236560181,0.9731845,0.00249971636,5.22519622e-05,4.00446334e-05,6.38904e-05,3.96643054e-06,0.0004995896,aluno3
8:08:43-aluno3-2017-06-19-08:08:46.png,0.0320419781,0.9622784,0.00286307232,0.000125824372,6.279898e-05,0.00032864674,1.45883878e-05,0.00228467863,aluno3
8:08:45-aluno3-2017-06-19-08:08:48.png,0.020251289,0.976057768,0.001410075,0.000104712504,8.921855e-05,0.00131628872,4.859535e-05,0.000722078839,aluno3
8:08:47-aluno3-2017-06-19-08:08:50.png,0.0179202482,0.9781102,0.00144040689,0.000108892971,6.365716e-05,0.00134467252,3.623307e-05,0.0009757236,aluno3
8:08:49-aluno3-2017-06-19-08:08:52.png,0.0316549651,0.9640254,0.00157451921,0.000159653689,9.809805e-05,0.00116935594,3.729046e-05,0.00128075154,aluno3
8:08:51-aluno3-2017-06-19-08:08:54.png,0.0240098983,0.967552364,0.00284610456,0.000329372531,0.000152557841,0.00187448761,5.4216147e-05,0.00318101142,aluno3
8:08:53-aluno3-2017-06-19-08:08:56.png,0.0322867669,0.962846935,0.00206319545,0.000103988,0.000103716229,0.000305277674,2.62429839e-05,0.00226387731,aluno3
8:08:55-aluno3-2017-06-19-08:08:58.png,0.0297064986,0.9654338,0.001621622,0.000183400814,0.000100270379,0.00114817743,5.51517332e-05,0.00175108877,aluno3
8:08:57-aluno3-2017-06-19-08:09:00.png,0.04243888,0.9482172,0.00233256724,0.000415638526,0.00028058677,0.00285153952,0.000197479589,0.003266081,aluno3
8:08:59-aluno3-2017-06-19-08:09:02.png,0.0302544758,0.9490813,0.00201058225,0.00185617839,0.000442166958,0.0145196756,0.000172250526,0.00166334724,aluno3
8:09:01-aluno3-2017-06-19-08:09:04.png,0.0373877361,0.945274949,0.00204472337,0.00129875238,0.000381697435,0.0115989819,0.0003249827,0.00168819318,aluno3
8:09:03-aluno3-2017-06-19-08:09:06.png,0.0538907275,0.9448034,0.00105201744,1.86362977e-05,2.0529038e-05,2.18591758e-05,1.30814408e-06,0.0001915044,aluno3
8:09:05-aluno3-2017-06-19-08:09:08.png,0.09967465,0.8994988,0.000652173534,4.27836167e-05,2.94570946e-05,4.63446377e-05,1.20560264e-06,5.454185e-05,aluno3
8:09:07-aluno3-2017-06-19-08:09:10.png,0.0357731134,0.963006735,0.00101632951,3.61293532e-05,8.973722e-06,4.00722565e-05,2.37127651e-07,0.00011838747,aluno3
8:09:09-aluno3-2017-06-19-08:09:12.png,0.07607089,0.9229802,0.000757868169,3.26652553e-05,1.37475436e-05,2.36760061e-05,4.86728936e-07,0.000120471974,aluno3
8:09:11-aluno3-2017-06-19-08:09:14.png,0.00478893,0.9806859,0.01037245,3.0711326e-05,2.05606029e-05,8.34406455e-05,1.01259889e-06,0.00401700754,aluno3
8:09:13-aluno3-2017-06-19-08:09:16.png,0.04812158,0.9491103,0.0009832898,0.000169481253,0.000101952632,0.000758956943,2.4856563e-05,0.000729549152,aluno3
8:09:15-aluno3-2017-06-19-08:09:18.png,0.072142005,0.925027132,0.00125023676,0.000199339527,0.0001778551,0.000483291573,2.462011e-05,0.0006955325,aluno3
8:09:17-aluno3-2017-06-19-08:09:20.png,0.0346649736,0.821367,0.0006672646,0.00154582458,0.0003194629,0.1387619,0.00196945784,0.000704108155,aluno3
8:09:19-aluno3-2017-06-19-08:09:21.png,0.055140838,0.911171138,0.000856594357,0.000966825639,0.0003962951,0.0291192923,0.00103733561,0.00131169276,aluno3
8:09:21-aluno3-2017-06-19-08:09:24.png,0.0338531,0.9642034,0.0009259729,4.26923943e-05,7.665008e-05,0.000347292837,1.98478629e-05,0.0005310047,aluno3
8:09:23-aluno3-2017-06-19-08:09:26.png,0.07228722,0.922732353,0.00260998867,0.0003116646,0.000121192694,0.000208554789,5.848879e-06,0.00172319962,aluno3
8:09:26-aluno3-2017-06-19-08:09:29.png,0.04720777,0.9410577,0.00482114265,0.000137805357,6.88038854e-05,8.894006e-05,8.008209e-06,0.00660983659,aluno3
8:09:27-aluno3-2017-06-19-08:09:30.png,0.05298545,0.943899155,0.00149315619,9.775986e-05,6.135839e-05,0.000123733582,8.312973e-06,0.00133105833,aluno3
8:09:29-aluno3-2017-06-19-08:09:32.png,0.05649075,0.938745737,0.00113020558,0.000415879331,0.000203432443,0.00170502544,7.41876938e-05,0.00123480125,aluno3
8:09:31-aluno3-2017-06-19-08:09:34.png,0.0317306072,0.9648988,0.000952265458,8.75101759e-05,0.000198594775,0.00134233339,0.000121718047,0.00066816347,aluno3
8:09:33-aluno3-2017-06-19-08:09:36.png,0.0573109426,0.4559113,0.0006188262,0.0104353763,0.00104063412,0.4700539,0.0040219184,0.0006070822,aluno3
8:09:35-aluno3-2017-06-19-08:09:38.png,0.134830579,0.8621371,0.0008687161,0.000478863833,0.000102624217,0.00101583742,6.32551e-05,0.000503050571,aluno3
8:09:37-aluno3-2017-06-19-08:09:40.png,0.0516860858,0.9410734,0.004313342,0.000333219417,0.000310852454,0.000190749823,1.59218143e-05,0.00207639229,aluno3
8:09:39-aluno3-2017-06-19-08:09:42.png,0.008617928,0.967882335,0.000611206051,0.000291675067,0.000203166564,0.02190581,0.000138176518,0.000349693117,aluno3
8:09:41-aluno3-2017-06-19-08:09:44.png,0.03699759,0.9607301,0.00175185327,2.8523029e-05,1.6326685e-05,7.448632e-05,3.22235542e-06,0.0003979097,aluno3
8:09:43-aluno3-2017-06-19-08:09:46.png,0.08056587,0.9184066,0.000797416142,3.04248442e-05,3.15529469e-05,0.000125648658,9.0056e-06,3.34748e-05,aluno3
8:09:45-aluno3-2017-06-19-08:09:48.png,0.0439669043,0.9553476,0.000464602315,2.4799343e-05,3.74898082e-05,0.0001345389,7.25574955e-06,1.67814524e-05,aluno3
8:09:47-aluno3-2017-06-19-08:09:50.png,0.0535756722,0.746682048,0.000681997859,0.00436899,0.0003060631,0.190921679,0.002008761,0.00145476358,aluno3
8:09:49-aluno3-2017-06-19-08:09:52.png,0.03201313,0.9645528,0.00180391571,0.000111631824,8.26964242e-05,0.0001265956,4.46820331e-06,0.00130471808,aluno3
8:09:51-aluno3-2017-06-19-08:09:54.png,0.0265094247,0.972005367,0.000581947,8.372539e-05,0.000139520562,0.00022123169,2.20081765e-05,0.0004368019,aluno3
8:09:53-aluno3-2017-06-19-08:09:56.png,0.0242253337,0.9628824,0.00133010687,0.000387635082,0.00024134593,0.008307637,0.000392343558,0.00223321025,aluno3
8:09:55-aluno3-2017-06-19-08:09:58.png,0.09512268,0.902760565,0.00114980177,8.572838e-05,0.000251659454,0.000140266086,3.57214376e-05,0.000453591783,aluno3
8:09:57-aluno3-2017-06-19-08:10:00.png,0.0348575078,0.962774,0.00102662784,7.76551751e-05,0.000102851278,0.000232192644,1.32414934e-05,0.0009159222,aluno3
8:09:59-aluno3-2017-06-19-08:10:02.png,0.03164943,0.9546447,0.00112302776,0.000587201,0.000276629144,0.0102996808,0.000170830812,0.00124854129,aluno3
8:10:01-aluno3-2017-06-19-08:10:04.png,0.0126242964,0.97429353,0.00422799261,0.000421614852,0.00130540028,0.00314435433,0.000305918918,0.00367691158,aluno3
8:10:03-aluno3-2017-06-19-08:10:06.png,0.06300722,0.925352037,0.00449692551,0.000430530781,0.000452275446,0.00260057882,9.57127049e-05,0.00356471329,aluno3
8:10:05-aluno3-2017-06-19-08:10:08.png,0.0204722714,0.970821,0.00570305949,8.75631958e-05,6.06041067e-05,0.00028153992,7.50574736e-06,0.00256642583,aluno3
8:10:07-aluno3-2017-06-19-08:10:10.png,0.0164209828,0.980711,0.00161097851,7.544728e-05,1.64335215e-05,0.000209335471,2.06808841e-06,0.0009537471,aluno3
8:10:09-aluno3-2017-06-19-08:10:12.png,0.0183904823,0.975747645,0.004965665,4.790755e-05,5.80373926e-05,0.000108795626,8.873338e-06,0.0006726067,aluno3
8:10:11-aluno3-2017-06-19-08:10:13.png,0.0200203825,0.9650455,0.00324300816,0.000263940863,8.809652e-05,0.0026192395,3.553418e-05,0.008684295,aluno3
8:10:13-aluno3-2017-06-19-08:10:16.png,0.01352032,0.9832613,0.00106417888,4.97385226e-05,0.000207949837,0.00171049742,0.000105555649,8.04617957e-05,aluno3
8:10:15-aluno3-2017-06-19-08:10:17.png,0.114879005,0.884232938,0.000686600164,2.85368114e-05,3.55508273e-05,9.342968e-05,5.83165274e-06,3.81184327e-05,aluno3
8:10:17-aluno3-2017-06-19-08:10:20.png,0.06222487,0.9365487,0.00102951843,2.43079212e-05,3.82626677e-05,9.987417e-05,6.81616439e-06,2.766838e-05,aluno3
8:10:19-aluno3-2017-06-19-08:10:22.png,0.00172734645,0.991847038,0.00158067618,3.115045e-06,3.33420053e-06,1.24908638e-05,2.01610092e-07,0.004825797,aluno3
8:10:35-aluno3-2017-06-19-08:10:38.png,0.814887464,0.134762034,0.0005704126,0.000930307142,0.000313541968,0.00765767042,0.03918359,0.00169498369,aluno3
8:10:37-aluno3-2017-06-19-08:10:40.png,0.07588138,0.9157272,0.00287671038,0.000307176437,0.000365438435,0.0009497718,0.000180335672,0.0037119945,aluno3
8:10:39-aluno3-2017-06-19-08:10:42.png,0.259478658,0.708877146,0.0246483181,0.00146603759,0.00079316867,0.000681194942,0.000336713681,0.00371879223,aluno3
8:10:41-aluno3-2017-06-19-08:10:44.png,0.438515663,0.5582015,0.00169454445,0.0004273005,0.000236830849,0.000195784713,9.14176053e-05,0.000636966142,aluno3
8:10:43-aluno3-2017-06-19-08:10:46.png,0.180955425,0.81607,0.00107808434,8.972062e-05,0.000253580947,0.0006627282,0.000249599048,0.00064082566,aluno3
8:10:45-aluno3-2017-06-19-08:10:48.png,0.12927404,0.861576736,0.00222219643,0.000389903667,0.000306225731,0.00261067273,0.00061853166,0.00300169247,aluno3
8:10:47-aluno3-2017-06-19-08:10:50.png,0.165342838,0.7861487,0.004043375,0.00501679536,0.0009936027,0.0216448475,0.00114306586,0.0156667326,aluno3
8:10:49-aluno3-2017-06-19-08:10:52.png,0.200585023,0.7902777,0.00428185333,0.000423331017,0.0006405099,0.000365524174,0.00013508476,0.0032909885,aluno3
8:10:53-aluno3-2017-06-19-08:10:56.png,0.3292848,0.663305461,0.00153928739,0.000392667454,0.000330301729,0.0007113273,0.000695765833,0.00374039519,aluno3
8:10:55-aluno3-2017-06-19-08:10:58.png,0.8997585,0.08982679,0.008040277,0.0009932049,0.000531388039,4.16101557e-06,5.72611862e-06,0.000839930552,aluno3
8:10:57-aluno3-2017-06-19-08:11:00.png,0.32498154,0.6624504,0.006620796,0.000930947368,0.0006709456,0.000568493037,0.0001648742,0.0036120303,aluno3
8:10:59-aluno3-2017-06-19-08:11:02.png,0.009265073,0.9890075,0.0002473857,3.02354238e-05,4.64086e-05,0.000925634231,3.41198429e-05,0.000443666941,aluno3
8:11:01-aluno3-2017-06-19-08:11:04.png,0.0277100075,0.970455647,0.000934070034,7.66152443e-05,6.4613916e-05,0.000111995811,5.484849e-06,0.0006415418,aluno3
8:11:03-aluno3-2017-06-19-08:11:06.png,0.215766355,0.6966963,0.002468379,0.00210648566,0.00117653632,0.0637719557,0.0174738653,0.0005401149,aluno3
8:11:05-aluno3-2017-06-19-08:11:08.png,0.0656236,0.9106282,0.009386569,0.000223460476,0.000156986149,0.000254713581,5.9894126e-05,0.0136665627,aluno3
8:11:07-aluno3-2017-06-19-08:11:10.png,4.39364065e-08,1.08660356e-06,1.37422838e-08,1.67466382e-07,2.26430141e-09,2.86019635e-08,7.293816e-11,0.9999986,aluno3
8:11:09-aluno3-2017-06-19-08:11:12.png,0.000613313343,0.0496796146,0.0007152875,5.601058e-05,1.69324187e-06,1.2055285e-05,9.256048e-08,0.9489219,aluno3
8:11:11-aluno3-2017-06-19-08:11:14.png,0.000704094535,0.915383756,0.00173064985,1.01742853e-05,5.24842335e-06,2.49013283e-05,9.990712e-08,0.0821411,aluno3
8:11:13-aluno3-2017-06-19-08:11:16.png,0.000318457372,0.9930747,0.001796564,9.798391e-07,1.07084588e-06,2.57881584e-06,6.623142e-09,0.004805654,aluno3
8:11:15-aluno3-2017-06-19-08:11:18.png,0.07975763,0.9156916,0.00197640876,0.000522386341,0.000230798556,0.0007376684,6.336286e-05,0.00102013117,aluno3
8:11:17-aluno3-2017-06-19-08:11:20.png,0.04259957,0.9519392,0.00141376047,0.000277610729,7.494228e-05,0.001357869,3.27035959e-05,0.00230432558,aluno3
8:11:19-aluno3-2017-06-19-08:11:22.png,0.00307986978,0.985720038,0.00201380765,1.42500639e-05,1.63928726e-05,2.27734054e-05,2.69387783e-07,0.009132605,aluno3
8:11:21-aluno3-2017-06-19-08:11:24.png,0.034666,0.963555932,0.0008615708,5.489139e-05,7.09311644e-05,0.0002174067,1.82933691e-05,0.0005549917,aluno3
8:11:23-aluno3-2017-06-19-08:11:26.png,0.0846298561,0.899666548,0.00104714313,0.0008365688,0.000321215921,0.0106759714,0.0006772299,0.002145486,aluno3
8:11:25-aluno3-2017-06-19-08:11:28.png,0.000519999,0.995374,0.00097556,1.8912832e-06,3.32432955e-06,6.39890959e-06,2.31175e-08,0.00311879837,aluno3
8:11:27-aluno3-2017-06-19-08:11:30.png,0.0105656181,0.9844098,0.00158840232,5.077475e-05,5.641841e-05,4.93347543e-05,2.93658172e-06,0.00327668618,aluno3
8:11:29-aluno3-2017-06-19-08:11:32.png,0.08393401,0.91064465,0.001204737,0.000323465443,0.000122101526,0.0016159243,9.29651e-05,0.00206211675,aluno3
8:11:31-aluno3-2017-06-19-08:11:34.png,0.114760943,0.8668606,0.00492103165,0.00196746946,0.000471350882,0.003857574,0.00033062874,0.006830384,aluno3
8:11:33-aluno3-2017-06-19-08:11:36.png,0.0415103622,0.954683661,0.00113424531,0.000284709415,0.000151296015,0.000952804869,3.06044458e-05,0.00125230465,aluno3
8:11:35-aluno3-2017-06-19-08:11:37.png,0.03716479,0.9555181,0.00223012757,0.000158413153,0.000144089718,0.000272405625,1.23203154e-05,0.00449970039,aluno3
8:11:37-aluno3-2017-06-19-08:11:40.png,0.08227281,0.914420545,0.00160987431,6.70615264e-05,5.06747929e-05,6.84703336e-05,5.39491839e-06,0.00150519726,aluno3
8:11:39-aluno3-2017-06-19-08:11:42.png,0.0151533326,0.9826574,0.00124745839,2.8213135e-05,5.28699748e-05,6.24458262e-05,3.8660196e-06,0.000794455758,aluno3
8:11:41-aluno3-2017-06-19-08:11:44.png,0.004922846,0.71075207,0.00160305749,0.0009609557,0.0001733959,0.204847157,5.20375761e-05,0.07668849,aluno3
8:11:43-aluno3-2017-06-19-08:11:46.png,0.000750294363,0.0131846191,0.0009885391,0.000233934959,3.00702e-06,3.05229623e-05,3.92758835e-07,0.9848087,aluno3
8:11:45-aluno3-2017-06-19-08:11:48.png,0.00154110929,0.634198964,0.00480499538,2.62221256e-05,2.71312438e-05,0.00010261943,2.009526e-06,0.359296978,aluno3
8:11:47-aluno3-2017-06-19-08:11:50.png,0.0105246175,0.979659736,0.00452391431,7.94905864e-05,0.000129890672,0.00015758496,7.641877e-06,0.00491713,aluno3
8:11:49-aluno3-2017-06-19-08:11:52.png,0.0160438623,0.975596964,0.00127435941,0.000120089077,0.000199202143,0.002626332,6.141229e-05,0.0040777633,aluno3
8:11:51-aluno3-2017-06-19-08:11:54.png,0.0449020937,0.9434304,0.00289831869,0.000611070951,0.000438944058,0.00399921834,0.000259439024,0.00346049364,aluno3
8:11:53-aluno3-2017-06-19-08:11:56.png,0.00672674226,0.970824242,0.00381233846,6.08382543e-05,8.042299e-05,0.000521859445,9.066961e-06,0.0179644972,aluno3
8:11:55-aluno3-2017-06-19-08:11:58.png,0.0508057736,0.8078096,0.0345549919,0.000424207537,0.000360556267,0.000140792472,2.54293773e-05,0.105878629,aluno3
8:11:57-aluno3-2017-06-19-08:12:00.png,0.0137967132,0.98360616,0.00153794826,5.863256e-05,6.155173e-05,0.000206906887,4.80761446e-06,0.000727285,aluno3
8:11:59-aluno3-2017-06-19-08:12:02.png,0.0138136707,0.982410848,0.00121472054,4.97331e-05,6.947082e-05,0.000224047209,5.451431e-06,0.0022120364,aluno3
8:12:01-aluno3-2017-06-19-08:12:04.png,0.00468628574,0.9498635,0.0101544876,7.09829e-05,7.493671e-05,6.367528e-05,1.774509e-06,0.0350843556,aluno3
8:12:03-aluno3-2017-06-19-08:12:06.png,0.0292255338,0.9622323,0.00105524983,0.000407544925,0.000251254562,0.004501809,0.000200028575,0.00212629512,aluno3
8:12:05-aluno3-2017-06-19-08:12:08.png,0.101795852,0.8942531,0.000659638958,0.0003600006,0.000217548673,0.00153271225,0.000230076286,0.0009511075,aluno3
8:12:09-aluno3-2017-06-19-08:12:12.png,0.009205124,0.8349299,0.114875965,0.000202689043,0.000158952316,7.408102e-05,3.02297076e-06,0.04055028,aluno3
8:12:11-aluno3-2017-06-19-08:12:14.png,0.07549525,0.921335757,0.00115027616,0.000175002438,0.00022018404,0.000594277,6.436003e-05,0.0009648625,aluno3
8:12:13-aluno3-2017-06-19-08:12:16.png,0.05849978,0.938508153,0.00101259642,0.000158027819,0.000165359539,0.0009377606,5.43465248e-05,0.0006639693,aluno3
8:12:15-aluno3-2017-06-19-08:12:18.png,0.137748227,0.8538716,0.00113768561,0.000561719062,0.000239698551,0.00505311927,0.0003605907,0.00102739385,aluno3
8:12:17-aluno3-2017-06-19-08:12:20.png,0.05141347,0.945152044,0.00119702111,0.0001303218,0.0002389617,0.000659885,6.478488e-05,0.00114350684,aluno3
8:12:21-aluno3-2017-06-19-08:12:24.png,0.0137391528,0.9596315,0.0160629433,6.03367e-05,9.54478237e-05,4.351538e-05,1.77501681e-06,0.0103653,aluno3
8:12:22-aluno3-2017-06-19-08:12:24.png,0.01178345,0.978358269,0.004546288,4.2467047e-05,8.630704e-05,6.78075448e-05,2.02751062e-06,0.005113382,aluno3
8:12:25-aluno3-2017-06-19-08:12:27.png,0.142131269,0.23028858,1.46431685e-05,3.86512e-05,9.372736e-06,0.5822199,0.0176471658,0.0276504047,aluno3
8:12:25-aluno3-2017-06-19-08:12:28.png,0.07629111,0.229829043,5.94197882e-05,9.717092e-05,3.182885e-05,0.6034269,0.0179601721,0.07230437,aluno3
8:12:27-aluno3-2017-06-19-08:12:30.png,0.172041267,0.388714284,0.000133299851,0.000305482215,0.0001845838,0.3566502,0.0173466429,0.06462423,aluno3
8:12:31-aluno3-2017-06-19-08:12:34.png,0.0612276457,0.933876,0.00190477329,0.000298962841,0.000223267154,0.00110586046,0.000125243911,0.00123828289,aluno3
8:12:33-aluno3-2017-06-19-08:12:36.png,0.0323391967,0.963779747,0.0004120981,9.358732e-05,9.90521148e-05,0.00195816229,0.000112801754,0.00120536762,aluno3
8:12:35-aluno3-2017-06-19-08:12:38.png,0.102095164,0.8911538,0.00238775834,0.000499476155,0.000291612057,0.001132748,0.000102187354,0.0023372334,aluno3
8:12:37-aluno3-2017-06-19-08:12:40.png,0.0395104848,0.957444966,0.001198473,0.000136277755,0.000118148178,0.0007336229,3.754539e-05,0.0008204958,aluno3
8:12:39-aluno3-2017-06-19-08:12:42.png,0.08420415,0.9076607,0.00157068658,0.0006725124,0.000241562724,0.004145626,0.00025783907,0.00124688365,aluno3
8:12:41-aluno3-2017-06-19-08:12:44.png,0.102451652,0.881960869,0.00218051765,0.00104450609,0.000566189,0.009085742,0.0010314692,0.00167906075,aluno3
8:12:43-aluno3-2017-06-19-08:12:46.png,0.0274120085,0.7678081,0.169247538,0.00170447794,0.000631822331,0.00158040493,7.784443e-05,0.0315377936,aluno3
8:12:45-aluno3-2017-06-19-08:12:48.png,0.0234110113,0.9532273,0.00320537132,0.000217447421,0.0001219381,0.000278202264,1.48911422e-05,0.0195238423,aluno3
8:12:47-aluno3-2017-06-19-08:12:50.png,0.0391889922,0.9589719,0.000823956158,5.847995e-05,6.784272e-05,0.000284651178,1.599378e-05,0.000588152267,aluno3
8:12:49-aluno3-2017-06-19-08:12:52.png,0.04374754,0.952925563,0.00196256675,0.000210794053,0.000244632218,0.000218672925,2.03631571e-05,0.0006698587,aluno3
8:12:51-aluno3-2017-06-19-08:12:54.png,0.0250088554,0.973099,0.0008387705,2.73562327e-05,4.48278442e-05,5.057348e-05,3.23528116e-06,0.000927391869,aluno3
8:12:53-aluno3-2017-06-19-08:12:56.png,0.0167049672,0.9789954,0.0009127811,6.683117e-05,6.41385341e-05,0.000209739723,6.63171249e-06,0.00303955562,aluno3
8:12:55-aluno3-2017-06-19-08:12:58.png,0.121816054,0.8719831,0.0008282673,0.0003177713,0.000426560437,0.002369246,0.000319060055,0.00193992094,aluno3
8:12:57-aluno3-2017-06-19-08:13:00.png,0.0535546131,0.9428246,0.0009400982,9.826242e-05,0.000198347567,0.00026609507,3.272237e-05,0.00208523776,aluno3
8:12:59-aluno3-2017-06-19-08:13:02.png,0.06657173,0.9277872,0.00119314017,0.0003610919,0.000365080836,0.00163573888,0.00017436601,0.00191168312,aluno3
8:13:01-aluno3-2017-06-19-08:13:04.png,0.279626,0.717990041,0.001794429,7.834911e-05,3.32300078e-05,0.000127989086,3.71224742e-05,0.0003128294,aluno3
8:13:03-aluno3-2017-06-19-08:13:06.png,0.4069248,0.5659109,0.000261881971,4.889024e-05,0.000203934047,0.01727992,0.004500524,0.00486914674,aluno3
8:13:05-aluno3-2017-06-19-08:13:07.png,0.764304936,0.186346874,0.00571182556,0.0004041526,0.000449961051,0.0033795326,0.0390097238,0.000393011345,aluno3
8:13:07-aluno3-2017-06-19-08:13:09.png,0.6018671,0.383440763,0.002688609,0.00244382164,0.0006466115,0.00487258052,0.00391155249,0.000128993415,aluno3
8:13:09-aluno3-2017-06-19-08:13:12.png,0.6949698,0.3033965,0.000581261469,0.0005012852,8.217619e-05,0.000254057872,0.000137535,7.74423461e-05,aluno3
8:13:11-aluno3-2017-06-19-08:13:14.png,0.4700798,0.5228928,0.00152426527,0.001352053,0.0006196156,0.00239449344,0.0007754072,0.00036159993,aluno3
8:13:13-aluno3-2017-06-19-08:13:16.png,0.27075693,0.723666,0.00140680932,0.0009073295,0.000266820774,0.00195993832,0.000284978334,0.0007511732,aluno3
8:13:15-aluno3-2017-06-19-08:13:18.png,0.366634667,0.627617,0.00137551338,0.00101993175,0.000623136468,0.00179074623,0.000511657,0.0004273326,aluno3
8:13:17-aluno3-2017-06-19-08:13:20.png,0.0622653,0.9354027,0.00104996015,0.0001228026,9.039383e-05,0.0001860341,1.38256646e-05,0.000869014242,aluno3
8:13:19-aluno3-2017-06-19-08:13:22.png,0.0129605,0.984022439,0.0007959715,7.224103e-05,6.774053e-05,0.0005798492,1.40012507e-05,0.00148723787,aluno3
8:13:21-aluno3-2017-06-19-08:13:24.png,0.0166414529,0.9642722,0.00462019071,9.48832749e-05,7.515096e-05,0.000156336144,6.07046468e-06,0.0141337384,aluno3
8:13:23-aluno3-2017-06-19-08:13:26.png,0.04460595,0.930429339,0.0178111568,0.000216689936,8.129733e-05,0.0002411277,8.633673e-06,0.006605803,aluno3
8:13:25-aluno3-2017-06-19-08:13:27.png,0.0229825918,0.9734812,0.00162765256,8.14653249e-05,6.930957e-05,0.000128912172,4.583493e-06,0.00162429386,aluno3
8:13:27-aluno3-2017-06-19-08:13:30.png,0.0284213554,0.929016948,0.03467011,0.0002544517,0.000108397115,0.000115235925,6.82975224e-06,0.00740666967,aluno3
8:13:29-aluno3-2017-06-19-08:13:32.png,0.07108309,0.92567724,0.001325666,0.000133529829,0.00013348629,0.000457904651,3.792376e-05,0.00115114357,aluno3
8:13:31-aluno3-2017-06-19-08:13:34.png,0.0122035751,0.982023239,0.004167815,2.91356046e-05,5.99174236e-05,9.025789e-06,3.18689445e-07,0.0015069712,aluno3
8:13:33-aluno3-2017-06-19-08:13:36.png,0.149639517,0.8479184,0.00113004469,0.000199865739,0.0001597708,0.0003796042,4.47976963e-05,0.0005279982,aluno3
8:13:35-aluno3-2017-06-19-08:13:38.png,0.0121923471,0.981364965,0.00188639062,0.000257793174,0.0002876176,0.00284994347,0.000127477964,0.00103347737,aluno3
8:13:37-aluno3-2017-06-19-08:13:40.png,0.112207405,0.8403053,0.00109432545,0.002970124,0.000506434066,0.0391522646,0.00169349613,0.00207063323,aluno3
8:13:39-aluno3-2017-06-19-08:13:42.png,0.0316277519,0.963614643,0.002655288,7.771075e-05,0.000112669768,3.73664734e-05,1.387884e-06,0.00187319878,aluno3
8:13:41-aluno3-2017-06-19-08:13:44.png,0.0577701181,0.934370637,0.00247116713,0.0004699585,0.000193843473,0.00194789411,0.000114798524,0.00266159256,aluno3
8:13:43-aluno3-2017-06-19-08:13:46.png,0.137479454,0.860562,0.0008019189,0.000152412977,0.000158399809,0.0004570504,4.522124e-05,0.000343488267,aluno3
8:13:45-aluno3-2017-06-19-08:13:48.png,0.06420363,0.9253001,0.00383068016,0.0006480439,0.0009708531,0.00176642928,0.00032643546,0.0029537864,aluno3
8:13:47-aluno3-2017-06-19-08:13:50.png,0.0281371959,0.899499834,0.00129189622,0.00489356974,0.0006073885,0.0635305345,0.0003851874,0.00165441353,aluno3
8:13:49-aluno3-2017-06-19-08:13:52.png,0.118607745,0.878437638,0.0010045853,0.000227602,0.0001811921,0.000482424715,5.25286378e-05,0.00100628438,aluno3
8:13:51-aluno3-2017-06-19-08:13:53.png,0.06518038,0.9276011,0.00423021754,0.000278441585,0.0005090239,0.0006882681,0.0001535388,0.001359011,aluno3
8:13:53-aluno3-2017-06-19-08:13:56.png,0.0130461082,0.986159146,0.00030144077,4.61252748e-05,2.82243327e-05,0.000343125372,3.22630763e-06,7.25930659e-05,aluno3
8:13:55-aluno3-2017-06-19-08:13:58.png,0.025754733,0.9726833,0.00110984955,7.70461e-05,0.000106312968,9.872953e-05,3.45119179e-06,0.000166551836,aluno3
8:13:57-aluno3-2017-06-19-08:14:00.png,0.0368986465,0.9606641,0.00157558045,0.000143035213,0.000121918674,0.000251092075,1.00451e-05,0.000335611461,aluno3
8:13:59-aluno3-2017-06-19-08:14:02.png,0.0106636751,0.9502677,0.0226976182,0.000101493948,0.000242746115,8.640567e-05,5.393488e-06,0.0159350056,aluno3
8:14:01-aluno3-2017-06-19-08:14:04.png,0.008041763,0.990136266,4.634739e-05,1.34383763e-05,2.77910822e-05,0.001685121,2.70377382e-06,4.65900666e-05,aluno3
8:14:03-aluno3-2017-06-19-08:14:06.png,0.010946515,0.906794667,0.00289623672,2.649327e-05,2.24102623e-05,7.648497e-05,1.57371142e-06,0.07923559,aluno3
8:14:05-aluno3-2017-06-19-08:14:08.png,0.0111245634,0.9372379,0.0301984288,8.765777e-05,0.0002201372,6.971206e-05,2.82413566e-06,0.0210587513,aluno3
8:14:07-aluno3-2017-06-19-08:14:10.png,0.032231085,0.96448195,0.002624434,4.745465e-05,0.000154838126,5.67336319e-05,3.9492e-06,0.000399580982,aluno3
8:14:09-aluno3-2017-06-19-08:14:12.png,0.314683527,0.487674326,0.0022790425,0.00646125665,0.00319460314,0.07805631,0.105737172,0.0019137637,aluno3
8:14:11-aluno3-2017-06-19-08:14:14.png,0.007271716,0.986831665,0.00149569137,0.000103301361,3.5123936e-05,0.000495333748,1.40987586e-05,0.003753067,aluno3
8:14:13-aluno3-2017-06-19-08:14:16.png,0.0002744054,0.884156346,0.000455192145,3.28160859e-05,1.12173866e-05,0.0317064561,1.23832851e-05,0.0833511651,aluno3
8:14:15-aluno3-2017-06-19-08:14:18.png,0.0212615244,0.943785846,0.005839196,0.00155951071,0.0006495746,0.00172474666,3.82916769e-05,0.0251413286,aluno3
8:14:17-aluno3-2017-06-19-08:14:20.png,0.0393330939,0.9216308,0.008915203,0.000815882464,0.000680697442,0.00201604771,8.881741e-05,0.0265194476,aluno3
8:14:19-aluno3-2017-06-19-08:14:22.png,0.0137224523,0.9812412,0.00318505545,3.53392024e-05,3.73393777e-05,0.000107654843,2.11346173e-06,0.00166883937,aluno3
8:14:21-aluno3-2017-06-19-08:14:24.png,0.00448553637,0.9927767,0.00137220032,2.928997e-05,2.81325574e-05,0.0008341696,5.65856135e-06,0.000468299055,aluno3
8:14:23-aluno3-2017-06-19-08:14:27.png,0.02779174,0.9703819,0.000656668039,7.949166e-05,4.241577e-05,0.000739791838,1.01672686e-05,0.0002977961,aluno3
8:14:25-aluno3-2017-06-19-08:14:28.png,0.0330020748,0.9634517,0.0009357309,0.000343387568,5.882899e-05,0.00179634872,1.35798555e-05,0.0003983715,aluno3
8:14:27-aluno3-2017-06-19-08:14:30.png,0.113169491,0.884361863,0.00217968319,2.27522432e-05,3.72580962e-06,8.930924e-05,3.23512e-06,0.0001699187,aluno3
8:14:29-aluno3-2017-06-19-08:14:32.png,0.06788899,0.927597642,0.00355825829,0.000105039122,9.02739848e-05,0.000105198313,7.566979e-06,0.0006470572,aluno3
8:14:31-aluno3-2017-06-19-08:14:34.png,0.07472087,0.918941736,0.00408759853,0.0003916619,0.000172024913,0.0004009583,2.34215149e-05,0.00126171752,aluno3
8:14:33-aluno3-2017-06-19-08:14:36.png,0.0277395416,0.9685843,0.00210062182,0.0001839793,0.00010483704,0.0005414326,1.12558873e-05,0.000734045,aluno3
8:14:35-aluno3-2017-06-19-08:14:38.png,0.0375835635,0.9390722,0.001105943,0.00102848373,0.000383669569,0.0174832474,0.0003299323,0.00301294355,aluno3
8:14:37-aluno3-2017-06-19-08:14:40.png,0.005655271,0.439102232,0.0004183883,0.002141863,0.0005764092,0.5502305,0.000367762346,0.00150757818,aluno3
8:14:39-aluno3-2017-06-19-08:14:42.png,0.009052069,0.986925066,0.00235181721,4.821866e-05,4.38753777e-05,5.65874871e-05,1.52036932e-06,0.00152083277,aluno3
8:14:41-aluno3-2017-06-19-08:14:44.png,0.008720754,0.9818389,0.002436429,0.000199400078,0.000295035046,0.00353756035,0.000113911366,0.002858047,aluno3
8:14:43-aluno3-2017-06-19-08:14:46.png,0.0204725061,0.975204647,0.003293358,6.06938738e-05,3.77973338e-05,4.294828e-05,7.592278e-07,0.0008873053,aluno3
8:14:45-aluno3-2017-06-19-08:14:48.png,0.0346730649,0.9633874,0.00129776669,5.0649287e-05,3.32809832e-05,0.0001347331,3.94547124e-06,0.0004191086,aluno3
8:14:47-aluno3-2017-06-19-08:14:50.png,0.02016626,0.9758735,0.00137260614,0.000205274991,7.602226e-05,0.00156462006,2.4868601e-05,0.000716847833,aluno3
8:14:49-aluno3-2017-06-19-08:14:52.png,0.0100454679,0.9818803,0.000290744822,0.000215853535,3.95004536e-05,0.00727186538,1.82840213e-05,0.0002379789,aluno3
8:14:51-aluno3-2017-06-19-08:14:54.png,0.0303764213,0.9238955,0.000824361,0.0002926874,7.596886e-05,0.0218037441,0.0004049828,0.0223263837,aluno3
8:14:53-aluno3-2017-06-19-08:14:56.png,0.111427449,0.8646558,0.000657540455,0.000160283525,0.000265805167,0.004219557,0.00699628843,0.0116172535,aluno3
8:14:55-aluno3-2017-06-19-08:14:58.png,2.98307629e-10,1.695777e-07,1.02805731e-09,3.09289483e-09,1.23994478e-11,1.05294342e-08,2.20157811e-12,0.9999998,aluno3
8:14:57-aluno3-2017-06-19-08:15:00.png,0.0105619924,0.6188751,0.00225090212,0.00175714528,0.001655912,0.3017844,0.00119519886,0.0619193576,aluno3
8:14:59-aluno3-2017-06-19-08:15:02.png,0.122304931,0.8639891,0.00126711268,0.0012085248,0.000314994453,0.009970672,0.00017314314,0.0007714815,aluno3
8:15:05-aluno3-2017-06-19-08:15:08.png,0.0144184763,0.364047736,0.009174954,0.00212494517,0.0014007336,0.00512998737,0.000807079952,0.6028961,aluno3
8:15:11-aluno3-2017-06-19-08:15:13.png,0.0136100166,0.9810906,0.00105452223,0.00014704559,5.50897421e-05,0.000578318955,3.40572442e-05,0.00343037117,aluno3
8:15:13-aluno3-2017-06-19-08:15:16.png,0.0185857974,0.9784272,0.00178674038,4.90274433e-05,3.35172e-05,4.575765e-05,1.76292633e-06,0.00107021106,aluno3
8:15:31-aluno3-2017-06-19-08:15:33.png,0.00245980918,0.9897077,0.000186066012,2.26526754e-05,8.999006e-05,0.00168750773,2.29786165e-05,0.0058232923,aluno3
8:15:37-aluno3-2017-06-19-08:15:39.png,0.00123565912,0.9888767,0.00034539288,1.80010538e-05,0.000129458364,0.00124717131,1.1465826e-05,0.008136132,aluno3
8:15:39-aluno3-2017-06-19-08:15:49.png,0.0121181114,0.9542998,0.0007032241,9.990784e-05,0.000150615844,0.0282399617,0.003222745,0.00116565358,aluno3
8:15:43-aluno3-2017-06-19-08:15:50.png,0.00458210148,0.993988633,0.00011007236,5.570548e-06,2.22344952e-05,0.00105326937,9.077632e-05,0.000147318657,aluno3
8:15:45-aluno3-2017-06-19-08:15:50.png,0.000836132269,0.9929417,4.77847825e-05,2.5595602e-05,0.00123346748,0.00474296976,0.000115214323,5.71545825e-05,aluno3
8:15:47-aluno3-2017-06-19-08:15:50.png,0.002159873,0.939886153,0.000129749053,1.7993294e-05,1.62077849e-05,0.00335966377,3.548123e-05,0.0543949045,aluno3
8:15:49-aluno3-2017-06-19-08:15:51.png,0.0415322743,0.9482136,0.002263671,0.00024290265,9.425533e-05,0.000397524447,2.00298e-05,0.00723577943,aluno3
8:15:51-aluno3-2017-06-19-08:15:54.png,0.550863445,0.430009067,0.00246428326,0.00399566768,0.000651229348,0.00489345659,0.001283047,0.00583982933,aluno3
8:15:53-aluno3-2017-06-19-08:15:56.png,0.416503638,0.581429362,0.00109770452,0.0003052573,0.000142579243,0.000225169366,5.0264025e-05,0.000246043026,aluno3
8:15:55-aluno3-2017-06-19-08:15:58.png,0.82101,0.106723629,0.0002909831,0.0003961036,0.000365226646,0.018209517,0.0493201576,0.00368438684,aluno3
8:15:57-aluno3-2017-06-19-08:16:00.png,0.6566385,0.3343897,0.000890119059,0.00177294842,0.000472892862,0.00381041714,0.00187687087,0.000148536928,aluno3
8:15:59-aluno3-2017-06-19-08:16:02.png,0.007563681,0.9645694,0.004403491,1.51243457e-05,3.02744484e-05,1.86615816e-05,4.607167e-07,0.0233989116,aluno3
8:16:01-aluno3-2017-06-19-08:16:04.png,0.0506237857,0.9462735,0.0009694183,0.000128656233,0.000120324956,0.0004056907,1.86037887e-05,0.0014600096,aluno3
8:16:03-aluno3-2017-06-19-08:16:06.png,0.03861376,0.957936764,0.00123766751,0.00018209136,0.0001603904,0.000399582466,1.4833452e-05,0.00145492807,aluno3
8:16:05-aluno3-2017-06-19-08:16:08.png,0.103307158,0.892343163,0.00106581394,0.00040583103,0.000254582381,0.00124370959,8.001628e-05,0.00129969756,aluno3
8:16:07-aluno3-2017-06-19-08:16:10.png,0.0819925144,0.910586655,0.00138917216,0.000574087,0.000263206923,0.00362208067,0.0002475408,0.00132472825,aluno3
8:16:09-aluno3-2017-06-19-08:16:12.png,0.0267883334,0.9714721,0.0008570639,4.05535175e-05,4.62953758e-05,6.563968e-05,1.906059e-06,0.0007281344,aluno3
8:16:11-aluno3-2017-06-19-08:16:14.png,0.202422276,0.79521203,0.0009813701,0.0002106006,0.000185433368,0.0003713015,4.923026e-05,0.0005677741,aluno3
8:16:13-aluno3-2017-06-19-08:16:16.png,0.048466932,0.943625152,0.00245230971,0.0002638516,0.0002346691,0.0007780944,4.84437078e-05,0.004130531,aluno3
8:16:15-aluno3-2017-06-19-08:16:18.png,0.03164779,0.962789834,0.00253798137,5.533652e-05,8.161347e-05,0.000210054684,1.24268681e-05,0.00266497163,aluno3
8:16:17-aluno3-2017-06-19-08:16:20.png,0.02220604,0.970160067,0.002154911,2.13953444e-05,2.43033173e-05,1.85327335e-05,5.156629e-07,0.005414223,aluno3
8:16:21-aluno3-2017-06-19-08:16:24.png,0.02299659,0.9729915,0.0002032942,2.89432846e-05,0.000105860847,0.000182643053,1.45535414e-05,0.00347661762,aluno3
8:16:25-aluno3-2017-06-19-08:16:28.png,0.290951222,0.682879448,0.01603484,0.00112306338,0.0005570388,7.313933e-05,2.584131e-05,0.00835538749,aluno3
8:16:27-aluno3-2017-06-19-08:16:30.png,0.0179409757,0.9787485,0.000593104749,2.59784119e-05,1.36436e-05,0.00137426774,1.23975251e-05,0.00129111588,aluno3
8:16:29-aluno3-2017-06-19-08:16:32.png,0.0417887978,0.957035542,0.0008124071,5.734819e-06,2.73540059e-06,6.458961e-05,6.758824e-07,0.000289512478,aluno3
8:16:31-aluno3-2017-06-19-08:16:33.png,0.06577975,0.933337152,0.00071691937,1.18885218e-05,5.317839e-06,7.76064844e-05,2.09154382e-06,6.927404e-05,aluno3
8:16:33-aluno3-2017-06-19-08:16:36.png,0.106484823,0.8919513,0.00110013154,3.15757825e-05,8.244658e-06,0.000336546,9.858647e-06,7.748512e-05,aluno3
8:16:35-aluno3-2017-06-19-08:16:38.png,0.02602227,0.963468,0.008755625,2.68054882e-05,1.1994628e-05,7.617349e-05,1.5981509e-06,0.00163753226,aluno3
8:16:37-aluno3-2017-06-19-08:16:40.png,0.06436101,0.9314963,0.00350339315,5.1838404e-05,1.08015111e-05,0.000251083868,7.48821276e-06,0.000318054867,aluno3
8:16:49-aluno3-2017-06-19-08:16:51.png,0.0278431661,0.963492155,0.000473761436,3.726367e-06,1.86985778e-06,0.00018178625,7.497921e-06,0.007996059,aluno3
8:16:51-aluno3-2017-06-19-08:16:53.png,0.00912878849,0.98860997,0.000226092918,7.77774258e-05,4.699227e-05,0.0008699754,8.627336e-06,0.00103179412,aluno3
8:16:53-aluno3-2017-06-19-08:16:56.png,0.03424332,0.949758,0.001714357,4.285232e-05,1.252965e-05,0.00018467757,3.956634e-06,0.0140403016,aluno3
8:16:55-aluno3-2017-06-19-08:16:57.png,0.04296426,0.955650032,0.0006624125,1.81321866e-05,4.366949e-06,3.56389573e-05,8.023485e-07,0.0006643522,aluno3
8:16:57-aluno3-2017-06-19-08:17:00.png,0.0185968056,0.974769652,0.000179985145,8.113773e-05,2.48729957e-05,0.006206877,1.546162e-05,0.000125188439,aluno3
8:16:59-aluno3-2017-06-19-08:17:02.png,0.02122851,0.9772517,0.000454536377,5.780667e-05,4.92244726e-05,0.0006412216,9.612491e-06,0.000307354727,aluno3
8:17:01-aluno3-2017-06-19-08:17:04.png,0.00226036832,0.7911914,0.00112489949,9.24628548e-05,0.000129919121,0.00170999463,1.83080738e-05,0.203472644,aluno3
8:17:03-aluno3-2017-06-19-08:17:05.png,0.00318790553,0.992688358,0.00344000547,2.371186e-05,8.066539e-06,1.52980865e-05,6.204011e-08,0.0006366138,aluno3
8:17:05-aluno3-2017-06-19-08:17:07.png,0.00286309421,0.874932051,0.000339812017,0.000155994756,0.000117639451,0.120789163,4.03525e-05,0.0007618694,aluno3
8:17:07-aluno3-2017-06-19-08:17:09.png,0.0371563062,0.96117425,0.00106563023,4.52041277e-05,2.36526175e-05,0.000365548971,9.749506e-06,0.000159653879,aluno3
8:17:09-aluno3-2017-06-19-08:17:12.png,0.006134057,0.993155062,0.0004797294,1.47267483e-05,3.339284e-05,0.000106324012,4.97485144e-06,7.175742e-05,aluno3
8:17:11-aluno3-2017-06-19-08:17:14.png,0.0118512418,0.9706162,0.00318499166,0.000401333178,0.000226833916,0.00267355354,4.388997e-05,0.0110019213,aluno3
8:17:13-aluno3-2017-06-19-08:17:16.png,0.04047039,0.9497465,0.00477109058,0.000268524018,0.000175709123,0.0001285035,7.972083e-06,0.004431346,aluno3
8:17:15-aluno3-2017-06-19-08:17:18.png,0.047338184,0.945633948,0.00153469341,0.000305033755,0.000316042337,0.00165444077,0.000227586832,0.00299010216,aluno3
8:17:17-aluno3-2017-06-19-08:17:19.png,0.0406652838,0.946009,0.00154560048,0.000377811084,0.000348043948,0.004337849,0.000399697048,0.00631673634,aluno3
8:17:19-aluno3-2017-06-19-08:17:22.png,0.1408487,0.716313362,0.000685778854,0.000455259782,0.000315485784,0.109803393,0.0292575546,0.00232044677,aluno3
8:17:21-aluno3-2017-06-19-08:17:24.png,0.0236598626,0.975293934,0.000665072,1.707192e-05,2.20045586e-05,7.476147e-05,7.229474e-07,0.0002665729,aluno3
8:17:23-aluno3-2017-06-19-08:17:26.png,0.0278588366,0.9380509,0.0008308122,0.000797493733,0.000273179641,0.030058993,0.0001996716,0.00193007209,aluno3
8:17:25-aluno3-2017-06-19-08:17:28.png,0.03982941,0.93811363,0.00163313642,0.00087426,0.000345330132,0.0167282447,0.000236103209,0.00223989249,aluno3
8:17:27-aluno3-2017-06-19-08:17:30.png,0.059846662,0.9388979,0.000747643935,3.7940943e-05,4.298239e-05,0.000237821878,6.55552867e-06,0.000182469608,aluno3
8:17:29-aluno3-2017-06-19-08:17:32.png,0.0633359253,0.9339886,0.000888682436,9.23924454e-05,6.76978161e-05,0.00123685761,3.55450575e-05,0.0003543447,aluno3
8:17:31-aluno3-2017-06-19-08:17:33.png,0.0401722454,0.9399388,0.00240687537,0.00125507556,0.000425147562,0.008674081,0.00018401,0.00694375345,aluno3
8:17:33-aluno3-2017-06-19-08:17:36.png,0.0206625685,0.974615,0.00285458635,6.962051e-05,3.335418e-05,0.000246283453,2.26363682e-06,0.00151632831,aluno3
8:17:35-aluno3-2017-06-19-08:17:38.png,0.0229041,0.9344873,0.00764278276,0.000260084285,0.000136411138,0.000405950967,1.36900308e-05,0.0341497026,aluno3
8:17:37-aluno3-2017-06-19-08:17:40.png,0.01505862,0.9827769,0.00104368059,3.52798925e-05,2.07745434e-05,0.0004169695,5.054949e-06,0.000642742845,aluno3
8:17:39-aluno3-2017-06-19-08:17:41.png,0.0133500118,0.9795883,0.00504833,5.93489422e-05,3.6608064e-05,0.000262053683,3.12352745e-06,0.00165216951,aluno3
8:17:41-aluno3-2017-06-19-08:17:44.png,0.43030262,0.5555264,0.000164677549,9.234526e-05,1.9308387e-05,0.0117374444,0.00194418873,0.000213064282,aluno3
8:17:43-aluno3-2017-06-19-08:17:46.png,0.3105026,0.685390651,0.000424570026,0.0001762756,0.0003279653,0.000339380465,0.000446351478,0.00239224,aluno3
8:17:45-aluno3-2017-06-19-08:17:47.png,0.4089888,0.589383245,0.000157315953,8.639478e-05,0.0001504803,0.0005167241,0.000466339872,0.0002507145,aluno3
8:17:47-aluno3-2017-06-19-08:17:50.png,0.178735584,0.8134105,0.000403287064,0.000239108354,0.000200070412,0.002048637,0.00188194215,0.0030808812,aluno3
8:17:49-aluno3-2017-06-19-08:17:52.png,0.363905221,0.600391567,0.0065341033,0.00415478274,0.00474865874,0.004481898,0.00338263367,0.0124011571,aluno3
8:17:51-aluno3-2017-06-19-08:17:54.png,0.141600758,0.8461115,0.000305107853,0.000170117652,0.000665845058,0.008218166,0.00154770515,0.00138083589,aluno3
8:17:55-aluno3-2017-06-19-08:17:57.png,0.0146795344,0.900369644,0.000557778054,8.84330948e-05,0.000342488085,0.0107309818,0.0008487452,0.0723823756,aluno3
8:17:56-aluno3-2017-06-19-08:17:58.png,0.035597086,0.870003,0.0009378091,0.00022501107,0.0005845133,0.0363692753,0.00152822759,0.0547551066,aluno3
8:17:57-aluno3-2017-06-19-08:18:00.png,0.0279190075,0.827903867,0.000546678144,0.000177925787,0.00067392143,0.02765465,0.002070105,0.113053866,aluno3
8:17:59-aluno3-2017-06-19-08:18:02.png,0.0176597014,0.9343653,0.000401030644,5.62656824e-05,0.000302302418,0.0103445416,0.0008434265,0.0360274725,aluno3
8:18:01-aluno3-2017-06-19-08:18:04.png,0.3288979,0.625504851,6.49366848e-06,1.3684878e-06,4.303874e-06,0.0429113656,0.00239819963,0.0002754981,aluno3
8:18:03-aluno3-2017-06-19-08:18:06.png,0.0585776046,0.8783947,0.009234461,0.0005513851,8.576384e-05,0.000722914061,5.88095827e-05,0.05237434,aluno3
8:18:05-aluno3-2017-06-19-08:18:08.png,0.06397116,0.933573067,0.00134908617,0.0001252789,2.77854178e-05,0.000459844683,5.34756255e-05,0.000440286676,aluno3
8:18:07-aluno3-2017-06-19-08:18:10.png,0.2955953,0.6054325,0.006248333,0.0253390279,0.007941391,0.0233008135,0.0226676874,0.0134749087,aluno3
8:18:09-aluno3-2017-06-19-08:18:12.png,0.09305185,0.9047794,0.00100303208,3.96114447e-05,5.22278024e-05,0.0004812903,4.17938354e-05,0.0005508462,aluno3
8:18:11-aluno3-2017-06-19-08:18:14.png,0.0174138229,0.7622932,0.00167867716,0.004777894,0.0006736661,0.21061717,0.00037246116,0.00217307615,aluno3
8:18:15-aluno3-2017-06-19-08:18:18.png,0.234556139,0.7524481,0.00328704529,0.0008704804,0.000260410219,0.006031836,0.001017551,0.00152845471,aluno3
8:18:17-aluno3-2017-06-19-08:18:20.png,0.12254338,0.875062168,0.0010280417,9.05996349e-05,0.000112383983,0.000227349476,3.37473975e-05,0.0009023098,aluno3
8:18:19-aluno3-2017-06-19-08:18:22.png,0.02157086,0.8863654,0.00247564912,0.0007361045,0.0004526522,0.08360469,0.000558439351,0.00423615845,aluno3
8:18:21-aluno3-2017-06-19-08:18:24.png,0.009877571,0.9868637,0.00221836148,1.31577408e-05,5.041598e-05,0.000215731779,1.07924234e-05,0.0007503256,aluno3
8:18:23-aluno3-2017-06-19-08:18:26.png,0.04804593,0.94660753,0.00139222783,3.07437731e-05,0.00013226927,0.0007654198,4.1221796e-05,0.00298464368,aluno3
8:18:25-aluno3-2017-06-19-08:18:28.png,0.07097211,0.67566365,0.000369308982,0.004278015,0.0005084876,0.2420091,0.00571059762,0.0004887429,aluno3
8:18:27-aluno3-2017-06-19-08:18:30.png,0.0155549888,0.2786115,0.023629548,0.0009486948,8.534882e-05,0.00024171111,1.15857465e-05,0.6809166,aluno3
8:18:29-aluno3-2017-06-19-08:18:32.png,0.0311834831,0.9334183,0.00492465449,0.000259667635,0.000229656,0.0003033611,2.56194271e-05,0.02965526,aluno3
8:18:31-aluno3-2017-06-19-08:18:34.png,0.0172079746,0.9461945,0.00135032355,0.00305021531,0.0009333654,0.02985603,0.0005509887,0.0008565663,aluno3
8:18:33-aluno3-2017-06-19-08:18:36.png,0.00620039925,0.9926568,0.000681336271,3.30432267e-05,5.08804224e-05,0.000211148261,1.911089e-06,0.000164443365,aluno3
8:18:36-aluno3-2017-06-19-08:18:39.png,0.00253395457,0.995676637,0.00109241251,2.60836641e-05,6.113458e-05,0.000231734317,1.1101431e-06,0.0003769499,aluno3
8:18:39-aluno3-2017-06-19-08:18:41.png,0.0263355151,0.9673034,0.00238442281,0.0005318063,0.000255459046,0.00154814729,5.12436673e-05,0.00158998661,aluno3
8:18:40-aluno3-2017-06-19-08:18:42.png,0.0305565856,0.967004836,0.000573911,7.526452e-05,0.000123532431,0.00118865317,0.000126339917,0.0003509004,aluno3
8:18:41-aluno3-2017-06-19-08:18:43.png,0.0246920232,0.948963,0.013980614,0.0007408945,0.0008817139,0.00347817549,0.000273195357,0.006990417,aluno3
8:18:43-aluno3-2017-06-19-08:18:46.png,0.0465033278,0.9458389,0.001702061,0.000190252293,0.000244565716,0.00223126565,0.000283923146,0.00300565618,aluno3
8:18:45-aluno3-2017-06-19-08:18:48.png,0.0497168377,0.9438842,0.00356760551,0.000194472916,0.000360887963,0.0008260209,0.000137950614,0.0013120533,aluno3
8:18:47-aluno3-2017-06-19-08:18:50.png,0.00456437841,0.855094135,0.0002093877,0.0007659624,0.0149033088,0.122753367,0.00139467721,0.000314797333,aluno3
8:18:49-aluno3-2017-06-19-08:18:52.png,0.307168841,0.6597085,0.00303177047,0.0062507377,0.0033972552,0.0134717282,0.0066316775,0.000339473685,aluno3
8:18:51-aluno3-2017-06-19-08:18:54.png,0.152289629,0.844994366,0.000275177765,9.294768e-05,0.00121019,0.000769951148,0.000355634751,1.21310068e-05,aluno3
8:18:53-aluno3-2017-06-19-08:18:56.png,0.0292948186,0.968838036,0.00034982583,0.0003978612,0.0004197814,0.0006239496,3.1964395e-05,4.37374256e-05,aluno3
8:18:55-aluno3-2017-06-19-08:18:58.png,0.0901958,0.90593344,0.00143767439,0.000483464741,0.00012816528,0.0007800162,7.21799952e-05,0.000969247252,aluno3
8:18:57-aluno3-2017-06-19-08:19:00.png,0.326381564,0.668326735,0.00248670019,0.00063185714,0.0002959603,0.00101881847,0.0002953907,0.0005629842,aluno3
8:18:59-aluno3-2017-06-19-08:19:02.png,0.28246057,0.7060858,0.00522397645,0.000340612576,0.000180651783,0.00011790602,1.99581e-05,0.005570501,aluno3
8:19:01-aluno3-2017-06-19-08:19:04.png,0.103162117,0.8928649,0.00142244552,0.000187237369,9.721068e-05,0.000806621858,9.80622863e-05,0.00136143994,aluno3
8:19:03-aluno3-2017-06-19-08:19:06.png,0.127519667,0.8698388,0.000722620636,8.266888e-05,7.974061e-05,0.000460495823,0.000129634383,0.0011663991,aluno3
8:19:05-aluno3-2017-06-19-08:19:08.png,0.07156948,0.9216881,0.00251874584,0.000145652026,6.994821e-05,0.000269220734,2.91329034e-05,0.003709714,aluno3
8:19:07-aluno3-2017-06-19-08:19:10.png,0.126617372,0.8690404,0.0008176864,0.00011220335,7.478219e-05,0.000408528838,7.119683e-05,0.00285779173,aluno3
8:19:09-aluno3-2017-06-19-08:19:12.png,0.122681759,0.8729212,0.00078767864,0.000150707478,0.000102385,0.00115983607,0.000211415318,0.00198497716,aluno3
8:19:11-aluno3-2017-06-19-08:19:14.png,0.102133386,0.8934092,0.00128187309,0.000172545129,0.000106596781,0.000641856168,8.207583e-05,0.00217244844,aluno3
8:19:13-aluno3-2017-06-19-08:19:16.png,0.03065242,0.954525054,0.00631097471,0.00119778444,0.00095793244,0.00141409691,9.203244e-05,0.004849681,aluno3
8:19:15-aluno3-2017-06-19-08:19:18.png,0.142676026,0.570634961,0.206735641,0.006830251,0.001594726,0.00725389272,0.00035788567,0.06391659,aluno3
8:19:17-aluno3-2017-06-19-08:19:20.png,0.0462149531,0.94491607,0.00519369124,0.0005023202,0.000197792309,0.00172968,6.316446e-05,0.00118230307,aluno3
8:19:19-aluno3-2017-06-19-08:19:22.png,0.0228554,0.970092654,0.00303348573,0.000246712269,0.000108472523,0.00293020671,8.78470746e-05,0.000645239663,aluno3
8:19:21-aluno3-2017-06-19-08:19:24.png,0.0213531163,0.973931,0.001588583,0.000138705087,5.98642218e-05,0.00233800476,9.209523e-05,0.000498644251,aluno3
8:19:23-aluno3-2017-06-19-08:19:26.png,0.0216194075,0.97695595,0.000909894239,4.271359e-05,4.49309446e-05,0.0003516449,2.33860173e-05,5.208384e-05,aluno3
8:19:25-aluno3-2017-06-19-08:19:28.png,0.04471116,0.931177,0.00161012285,0.00124696246,0.000232189937,0.0189258847,0.0006809346,0.00141571555,aluno3
8:19:27-aluno3-2017-06-19-08:19:30.png,0.0442804657,0.9463203,0.003965751,0.0007870363,0.000236760956,0.003890233,7.032978e-05,0.000449138257,aluno3
8:19:31-aluno3-2017-06-19-08:19:33.png,0.06400083,0.932919,0.00149713969,0.0001568617,0.000196235211,0.000677966746,3.42994572e-05,0.000517672044,aluno3
8:19:31-aluno3-2017-06-19-08:19:34.png,0.0845023543,0.912541032,0.001526205,0.000128089057,0.000132722649,0.000656929857,3.79684934e-05,0.000474691071,aluno3
8:19:33-aluno3-2017-06-19-08:19:36.png,0.0113349715,0.9885398,8.992262e-05,1.44588216e-06,2.24516243e-05,8.700115e-06,8.508548e-07,1.86064028e-06,aluno3
8:19:35-aluno3-2017-06-19-08:19:38.png,0.0319610722,0.966261148,0.00107524951,7.711411e-06,1.25936067e-05,2.42404349e-05,1.93405685e-06,0.0006560406,aluno3
8:19:37-aluno3-2017-06-19-08:19:40.png,0.0107197352,0.9882276,0.0008453552,1.46270713e-05,3.08689027e-06,1.14986051e-05,4.76689848e-07,0.000177600756,aluno3
8:19:39-aluno3-2017-06-19-08:19:42.png,0.333371431,0.661879539,0.00150836562,8.357482e-05,6.796399e-05,0.00033311508,0.000107497384,0.002648504,aluno3
8:19:41-aluno3-2017-06-19-08:19:44.png,0.00162077008,0.975439,0.00161429727,3.39690851e-05,2.986967e-06,0.00165018858,5.767562e-07,0.0196382049,aluno3
8:19:43-aluno3-2017-06-19-08:19:46.png,0.0201896671,0.977753758,0.0009727819,6.44532338e-05,1.76323665e-05,0.0007630197,8.324811e-06,0.000230362886,aluno3
8:19:45-aluno3-2017-06-19-08:19:48.png,0.06802681,0.883265138,0.0362096168,0.000731506,0.000296006445,0.00018297715,9.329205e-06,0.011278606,aluno3
8:19:47-aluno3-2017-06-19-08:19:50.png,0.0257711988,0.9725268,0.001252853,1.69594914e-05,8.500372e-06,6.794512e-05,1.072833e-06,0.0003547097,aluno3
8:19:49-aluno3-2017-06-19-08:19:52.png,0.0144308787,0.9848281,0.000115987772,0.000116858682,9.1300506e-05,0.0003250024,4.090086e-05,5.09426427e-05,aluno3
8:19:51-aluno3-2017-06-19-08:19:54.png,0.005941955,0.9921244,0.000216758344,1.66715945e-05,2.85072274e-05,0.00130493578,1.53965157e-05,0.000351417053,aluno3
8:19:53-aluno3-2017-06-19-08:19:56.png,0.0269528162,0.937555969,0.00441438472,0.000176747228,0.00016943978,0.000123593432,7.723248e-06,0.0305993557,aluno3
8:19:55-aluno3-2017-06-19-08:19:58.png,0.00657243468,0.9837924,0.00558170956,0.000129094158,7.86784658e-05,0.0007092762,5.7463094e-06,0.00313061336,aluno3
8:19:57-aluno3-2017-06-19-08:20:00.png,0.0932369456,0.8515183,0.00105302152,0.005366751,0.00132244092,0.0432178937,0.002403073,0.00188161037,aluno3
8:19:59-aluno3-2017-06-19-08:20:02.png,0.00388111779,0.967556,0.007332031,7.32443441e-05,8.094137e-05,0.000142396442,2.87548028e-06,0.02093142,aluno3
8:20:01-aluno3-2017-06-19-08:20:04.png,0.00915279053,0.95727694,0.00335999276,0.000262058456,0.000317756116,0.00151917152,0.000104101957,0.0280071646,aluno3
8:20:03-aluno3-2017-06-19-08:20:06.png,0.152835771,0.8452883,0.0016577465,3.12192533e-05,7.158163e-05,3.2828324e-05,1.88233628e-06,8.068843e-05,aluno3
8:20:05-aluno3-2017-06-19-08:20:08.png,0.02715512,0.957290232,0.00170841615,0.0008847253,0.0001723303,0.0103587238,0.000132242159,0.00229823263,aluno3
8:20:07-aluno3-2017-06-19-08:20:10.png,0.0393917672,0.954925954,0.0031002555,0.000194615277,0.000166821788,0.000358209742,2.04258213e-05,0.00184193475,aluno3
8:20:09-aluno3-2017-06-19-08:20:12.png,0.0407665223,0.953980863,0.00208566478,0.000302191562,0.000220139627,0.00140157179,5.576766e-05,0.00118725456,aluno3
8:20:11-aluno3-2017-06-19-08:20:14.png,0.0112477355,0.988056,0.000491211,1.0788267e-05,2.33877272e-05,0.000122767044,2.60002184e-06,4.552273e-05,aluno3
8:20:13-aluno3-2017-06-19-08:20:16.png,0.03883402,0.9605076,0.0003880081,2.06212972e-05,4.9338636e-05,0.0001187371,7.228808e-06,7.449038e-05,aluno3
8:20:15-aluno3-2017-06-19-08:20:18.png,0.04110067,0.957987547,0.000477935566,3.00375741e-05,9.084647e-05,0.000164325771,1.74117577e-05,0.000131207,aluno3
8:20:17-aluno3-2017-06-19-08:20:20.png,0.0209104661,0.9781164,0.0005081696,2.28965127e-05,6.89073349e-05,0.000136909279,1.01276646e-05,0.000226148,aluno3
8:20:19-aluno3-2017-06-19-08:20:22.png,0.0354796126,0.9634187,0.0006769359,4.03259473e-05,7.68711761e-05,0.0001349996,9.410386e-06,0.000163143413,aluno3
8:20:21-aluno3-2017-06-19-08:20:24.png,0.0539028049,0.9454091,0.000380104873,2.48531942e-05,5.699086e-05,8.594922e-05,9.56736949e-06,0.000130626911,aluno3
8:20:23-aluno3-2017-06-19-08:20:26.png,0.029634526,0.969683349,0.000378509372,2.1731641e-05,4.91693754e-05,0.000119034892,9.74648447e-06,0.0001039501,aluno3
8:20:25-aluno3-2017-06-19-08:20:28.png,0.03351538,0.964904249,0.00103788928,4.52291933e-05,8.3261446e-05,0.000132154048,9.521673e-06,0.000272306381,aluno3
8:20:27-aluno3-2017-06-19-08:20:30.png,0.0330673754,0.958345354,0.00513394456,0.00021928332,0.0001148136,7.102622e-05,3.03880529e-06,0.00304518081,aluno3
8:20:29-aluno3-2017-06-19-08:20:31.png,0.04379691,0.95266,0.0005709264,0.00025171804,4.52024069e-05,0.001945235,3.310051e-05,0.0006969061,aluno3
8:20:31-aluno3-2017-06-19-08:20:34.png,0.0146628749,0.984573841,0.000413898466,3.97563272e-05,1.15509429e-05,0.000170009123,1.16452634e-06,0.000126916086,aluno3
8:20:33-aluno3-2017-06-19-08:20:36.png,0.0530159436,0.9449775,0.001111999,6.391544e-05,0.000126189218,0.000123014732,1.09028406e-05,0.0005704854,aluno3
8:20:35-aluno3-2017-06-19-08:20:38.png,0.0165901538,0.982310057,0.0007279993,2.256139e-05,3.8115526e-05,4.25322141e-05,1.70104192e-06,0.0002668986,aluno3
8:20:37-aluno3-2017-06-19-08:20:40.png,0.0489827879,0.9489872,0.00120237924,7.730383e-05,0.000108889726,0.000111517475,6.94350365e-06,0.0005229713,aluno3
8:20:39-aluno3-2017-06-19-08:20:41.png,0.0290082563,0.9684457,0.00115768181,6.52036542e-05,8.992571e-05,9.369218e-05,3.91579852e-06,0.00113559782,aluno3
8:20:41-aluno3-2017-06-19-08:20:44.png,0.07351121,0.914584,0.00108580675,0.000665208034,0.000202734635,0.00634365,0.000300105079,0.003307315,aluno3
8:20:43-aluno3-2017-06-19-08:20:46.png,0.0400760435,0.957994,0.00127922441,5.47663e-05,6.447843e-05,5.19123532e-05,3.29457248e-06,0.0004762948,aluno3
8:20:45-aluno3-2017-06-19-08:20:48.png,0.0236215945,0.975361466,0.0002682194,3.81865575e-05,6.25768444e-05,0.0003713389,2.32469138e-05,0.000253354781,aluno3
8:20:47-aluno3-2017-06-19-08:20:50.png,0.24722603,0.7478335,0.00133222621,0.000431005174,0.0003809866,0.000924739,0.000264175178,0.00160733028,aluno3
8:20:49-aluno3-2017-06-19-08:20:52.png,0.0230500866,0.9074075,0.0638069957,0.000358825,0.000186892037,0.00011934177,2.3376524e-06,0.005067983,aluno3
8:20:51-aluno3-2017-06-19-08:20:54.png,0.2375926,0.7455624,0.0019195911,0.000141895929,0.000145149563,0.002393065,0.000210446669,0.0120349061,aluno3
8:20:53-aluno3-2017-06-19-08:20:56.png,0.09869795,0.894770443,0.0002927838,3.9328148e-05,0.000108937427,0.00342184235,0.00060597,0.002062717,aluno3
8:20:55-aluno3-2017-06-19-08:20:58.png,0.192261264,0.800624251,0.00072164624,7.034207e-05,0.000222228322,0.002652269,0.00139940286,0.00204859232,aluno3
8:20:57-aluno3-2017-06-19-08:21:00.png,0.206147343,0.759925544,0.0161449667,0.00178138039,0.00249433774,0.0004149434,0.00018805,0.0129034156,aluno3
8:20:59-aluno3-2017-06-19-08:21:01.png,0.110004731,0.8892476,0.000367117522,6.113994e-05,2.61333589e-05,0.000120312769,6.125079e-06,0.00016684382,aluno3
8:21:01-aluno3-2017-06-19-08:21:04.png,0.0452799574,0.945933342,0.00675022369,0.000204083786,0.0005612334,0.00035356736,0.00013364754,0.000783956842,aluno3
8:21:03-aluno3-2017-06-19-08:21:06.png,0.3095729,0.6756131,0.0011341857,0.00270459079,0.000949171663,0.00742973154,0.00191720936,0.0006791049,aluno3
8:21:05-aluno3-2017-06-19-08:21:08.png,0.0696650445,0.9203889,0.00194650644,0.0005363281,0.000209042351,0.00104595767,5.52494275e-05,0.00615300657,aluno3
8:21:07-aluno3-2017-06-19-08:21:10.png,0.05111545,0.942724347,0.0009738789,0.0009827423,0.000372499257,0.002456133,0.0001247533,0.00125020859,aluno3
8:21:09-aluno3-2017-06-19-08:21:12.png,0.032033477,0.9654292,0.00120427378,0.0001341418,7.200349e-05,0.000196967609,7.21450442e-06,0.000922748353,aluno3
8:21:11-aluno3-2017-06-19-08:21:14.png,0.0465681329,0.9512496,0.0009889199,0.000116688432,6.312242e-05,0.000175615016,9.600757e-06,0.0008283422,aluno3
8:21:13-aluno3-2017-06-19-08:21:16.png,0.07141116,0.9139208,0.0009743292,0.00213856366,0.0005114786,0.008825838,0.0008100631,0.00140775181,aluno3
8:21:15-aluno3-2017-06-19-08:21:18.png,0.021999279,0.974572241,0.00117272371,0.000161894292,0.000104450286,0.000286003749,1.1129915e-05,0.00169228192,aluno3
8:21:17-aluno3-2017-06-19-08:21:20.png,0.0244282726,0.9729637,0.000913772,5.75574668e-05,4.85442033e-05,0.000135947339,6.1666783e-06,0.0014460599,aluno3
8:21:19-aluno3-2017-06-19-08:21:22.png,0.02629859,0.9722743,0.0003577215,5.8329857e-05,7.326747e-05,0.0004713816,2.90278931e-05,0.000437374256,aluno3
8:21:21-aluno3-2017-06-19-08:21:24.png,0.0283334721,0.924733937,0.0430034027,0.0003783534,0.0006808537,0.000172255488,2.98268824e-05,0.002667916,aluno3
8:21:23-aluno3-2017-06-19-08:21:26.png,0.0391034372,0.9569559,0.0004586266,0.000351718365,0.00107329083,0.001423923,0.0002898829,0.000343217776,aluno3
8:21:25-aluno3-2017-06-19-08:21:28.png,0.289903879,0.687649965,0.000905151654,0.0004621092,0.00130788982,0.006501089,0.008204474,0.00506545836,aluno3
8:21:27-aluno3-2017-06-19-08:21:30.png,0.0898909941,0.8832642,0.00156848645,0.000777151959,0.00172290823,0.00515953731,0.003881486,0.013735259,aluno3
8:21:29-aluno3-2017-06-19-08:21:32.png,0.06801533,0.885788262,0.00212875218,0.00110168906,0.00183655566,0.00202949,0.00115247676,0.0379474647,aluno3
8:21:31-aluno3-2017-06-19-08:21:34.png,0.218694448,0.7635567,0.0166265219,5.01024442e-05,0.000160990021,0.0004033956,0.000124415543,0.000383411854,aluno3
8:21:33-aluno3-2017-06-19-08:21:36.png,0.163379729,0.819526732,0.003223945,0.000703056052,0.00124589424,0.00291344454,0.00126647158,0.007740756,aluno3
8:21:35-aluno3-2017-06-19-08:21:38.png,0.03532178,0.868019938,0.0280873254,0.004077352,0.00274699717,0.00203185272,0.000257771928,0.0594569556,aluno3
8:21:37-aluno3-2017-06-19-08:21:40.png,0.0231796727,0.976227939,0.0002386419,3.158982e-05,4.74195876e-05,0.00015247117,5.610853e-06,0.000116669144,aluno3
8:21:39-aluno3-2017-06-19-08:21:42.png,0.01210655,0.980391264,0.00166707428,0.0005431681,0.000386832166,0.00275139417,8.526767e-05,0.00206846441,aluno3
8:21:41-aluno3-2017-06-19-08:21:44.png,0.0236557927,0.972460866,0.00208631158,0.000135363225,0.000230604739,0.000301445252,1.59593237e-05,0.00111366983,aluno3
8:21:43-aluno3-2017-06-19-08:21:46.png,0.04212051,0.934553444,0.007943783,0.000825354538,0.0006619803,0.000480176,6.103484e-05,0.0133537324,aluno3
8:21:45-aluno3-2017-06-19-08:21:48.png,0.00343678473,0.984408,0.00180008961,0.000510153768,0.00019748474,0.00705499947,2.23605348e-05,0.00257011317,aluno3
8:21:47-aluno3-2017-06-19-08:21:50.png,0.0710974038,0.9275526,0.0006914115,0.000230171,0.000199237445,0.0001105711,1.47851506e-05,0.000103850536,aluno3
8:21:49-aluno3-2017-06-19-08:21:51.png,0.0437302738,0.953376532,0.00203128671,4.626541e-05,0.000108645414,0.000160631229,8.003034e-06,0.0005383729,aluno3
8:21:51-aluno3-2017-06-19-08:21:54.png,0.0522900969,0.9463065,0.00056626217,6.493277e-05,8.85892e-05,0.000327012473,2.16396857e-05,0.0003349117,aluno3
8:21:53-aluno3-2017-06-19-08:21:56.png,0.0225872248,0.9704524,0.00240070978,0.000468825368,0.000200148352,0.00112042506,3.2446027e-05,0.00273779314,aluno3
8:22:02-aluno3-2017-06-19-08:22:05.png,0.173387289,0.8178134,0.00113350048,0.000240655863,0.00142730621,0.000790054561,0.0004783823,0.00472940924,aluno3
8:22:03-aluno3-2017-06-19-08:22:05.png,0.0547676347,0.933213949,0.006040338,0.000134431757,6.740418e-05,5.60477238e-05,2.6919638e-06,0.005717525,aluno3
8:22:05-aluno3-2017-06-19-08:22:08.png,0.09178494,0.8121012,0.00478641,0.0120806238,0.00155092916,0.0723051354,0.00256570429,0.00282504316,aluno3
8:22:07-aluno3-2017-06-19-08:22:10.png,0.0581014976,0.939839661,0.00123267784,6.528693e-05,0.0001258705,0.000196911016,1.80877e-05,0.0004199931,aluno3
8:22:09-aluno3-2017-06-19-08:22:12.png,0.0621196479,0.9295293,0.00128716615,5.24356728e-05,8.982179e-05,0.0061658537,0.000561421039,0.000194360822,aluno3
8:22:11-aluno3-2017-06-19-08:22:14.png,0.06744859,0.927899957,0.00292803161,0.000108025444,8.21485155e-05,4.601641e-05,2.71448266e-06,0.001484508,aluno3
8:22:13-aluno3-2017-06-19-08:22:16.png,0.07159422,0.9096553,0.00544909248,0.0002035811,0.000102096164,0.000140133037,1.00894149e-05,0.0128454808,aluno3
8:22:15-aluno3-2017-06-19-08:22:18.png,0.0476394,0.9409785,0.00574457,0.000448416773,0.0005200287,0.00139588793,0.000166933954,0.00310624484,aluno3
8:22:17-aluno3-2017-06-19-08:22:19.png,0.0230827872,0.9710995,0.000681314443,0.0004354096,6.56746051e-05,0.00274124416,5.31981059e-05,0.00184085127,aluno3
8:22:19-aluno3-2017-06-19-08:22:22.png,0.0400827341,0.890351653,0.00153617212,0.0030346266,0.0005344627,0.06079623,0.0005809488,0.00308318832,aluno3
8:22:21-aluno3-2017-06-19-08:22:24.png,0.126831368,0.8657933,0.00141566864,0.0005913238,0.000285960239,0.00260575581,0.000286723749,0.002189897,aluno3
8:22:23-aluno3-2017-06-19-08:22:26.png,0.155462638,0.84214884,0.0008641715,0.000181080424,0.000163240315,0.000415506453,8.32039e-05,0.00068130414,aluno3
8:22:25-aluno3-2017-06-19-08:22:28.png,0.07815342,0.919211,0.00092381984,0.000125416875,0.000129342268,0.000407584128,4.89293852e-05,0.00100054638,aluno3
8:22:27-aluno3-2017-06-19-08:22:30.png,0.00636754837,0.992267847,0.0007170785,4.15051763e-05,0.000105819126,0.000116507654,3.22818573e-06,0.000380489742,aluno3
8:22:30-aluno3-2017-06-19-08:22:33.png,0.03410613,0.964957237,0.000383689039,3.106413e-05,0.000116120747,0.000130191518,1.01448341e-05,0.000265443843,aluno3
8:22:32-aluno3-2017-06-19-08:22:35.png,0.0415746,0.951815,0.001724268,7.715195e-05,5.70382181e-05,9.823191e-05,5.649175e-06,0.00464803539,aluno3
8:22:33-aluno3-2017-06-19-08:22:36.png,0.0380216278,0.952796936,0.002266054,8.37261e-05,6.00891071e-05,6.716543e-05,4.56508e-06,0.00669981353,aluno3
8:22:37-aluno3-2017-06-19-08:22:40.png,0.0266083255,0.9696331,0.00198117271,0.000145218481,0.0006811802,0.000323366985,4.183377e-05,0.000585828,aluno3
8:22:39-aluno3-2017-06-19-08:22:42.png,0.0186602734,0.977336466,0.00186150649,0.0001471421,0.000258195621,0.0006801939,3.63534564e-05,0.00101985608,aluno3
8:22:41-aluno3-2017-06-19-08:22:44.png,0.00732638454,0.980684459,0.00777133647,9.13200856e-05,0.00020270914,0.000168327344,5.08163976e-06,0.003750397,aluno3
8:22:43-aluno3-2017-06-19-08:22:46.png,0.008140412,0.989631951,0.001408789,3.9791e-05,0.000194589171,0.000101205827,4.60493948e-06,0.0004786841,aluno3
8:22:45-aluno3-2017-06-19-08:22:48.png,0.0389531963,0.9584396,0.00141286943,0.000118575168,0.000326386478,0.000276203966,2.656581e-05,0.00044661804,aluno3
8:22:48-aluno3-2017-06-19-08:22:51.png,0.0224427246,0.9747007,0.00155836134,8.31290454e-05,0.0001398801,0.00010422225,3.87899763e-06,0.0009670864,aluno3
8:22:49-aluno3-2017-06-19-08:22:52.png,0.0130317742,0.967314065,0.00458463654,5.03882657e-05,6.369564e-05,8.58922e-05,1.504495e-06,0.0148680275,aluno3
8:22:54-aluno3-2017-06-19-08:22:56.png,0.137016773,0.8615253,0.00033279357,0.000131658759,0.0002542799,0.0004265809,9.59680256e-05,0.000216659915,aluno3
8:22:55-aluno3-2017-06-19-08:22:58.png,0.123129785,0.874742448,0.0007622464,0.000149508327,0.000268638832,0.0004731704,5.83633337e-05,0.000415864924,aluno3
8:23:17-aluno3-2017-06-19-08:23:20.png,0.04594329,0.952646,0.0006823467,4.44702e-05,9.139829e-05,0.000109101878,1.11368945e-05,0.000472237734,aluno3
8:23:20-aluno3-2017-06-19-08:23:23.png,0.09819034,0.9007604,0.000417283,3.797556e-05,0.000113734473,0.0001629255,2.750228e-05,0.000289853953,aluno3
8:23:23-aluno3-2017-06-19-08:23:25.png,0.280497253,0.7178627,0.000572428,0.0001612044,0.0002026141,0.0003248645,9.70987458e-05,0.00028184586,aluno3
8:23:24-aluno3-2017-06-19-08:23:26.png,0.152801633,0.845267951,0.000472757325,0.00015696339,0.0001463322,0.000648913439,7.594149e-05,0.000429518783,aluno3
8:23:25-aluno3-2017-06-19-08:23:28.png,0.175322533,0.823203,0.0004266029,0.000115073155,0.000128403743,0.000386338332,7.263458e-05,0.0003454136,aluno3
8:23:27-aluno3-2017-06-19-08:23:30.png,0.00382599933,0.9957761,0.000240968264,3.847692e-06,1.18434318e-05,0.000104328363,1.29116268e-06,3.5621546e-05,aluno3
8:23:29-aluno3-2017-06-19-08:23:32.png,0.004501219,0.9373387,0.0147536509,4.27626328e-05,8.096416e-05,0.000178750517,4.1893295e-06,0.0430997759,aluno3
8:23:31-aluno3-2017-06-19-08:23:34.png,0.0190103836,0.9804427,0.000236522828,1.78582341e-05,4.178158e-05,0.000114099988,3.391812e-06,0.000133236972,aluno3
8:23:33-aluno3-2017-06-19-08:23:36.png,0.06193233,0.9238126,0.000831546262,0.000470605271,0.0002616302,0.0106712952,0.0005925849,0.00142737047,aluno3
8:23:35-aluno3-2017-06-19-08:23:38.png,0.0333442837,0.965828,0.000356268982,1.84188266e-05,4.351937e-05,9.578229e-05,9.384763e-06,0.0003043386,aluno3
8:23:37-aluno3-2017-06-19-08:23:40.png,0.06314994,0.6175933,0.00126170879,0.00692506554,0.00109636621,0.305606365,0.00231123087,0.00205601985,aluno3
8:23:39-aluno3-2017-06-19-08:23:42.png,0.030586265,0.89140743,0.00148688513,0.00200000033,0.0003919242,0.06829246,0.000466688245,0.00536835566,aluno3
8:23:41-aluno3-2017-06-19-08:23:44.png,0.190231457,0.807235956,0.000737845548,0.0004694623,0.000270714867,0.000749939645,0.000180697883,0.000123895268,aluno3
8:23:43-aluno3-2017-06-19-08:23:46.png,0.0841091052,0.9126819,0.00162847724,0.000229929414,0.0001313238,0.000655960641,0.000114811046,0.000448521518,aluno3
8:23:45-aluno3-2017-06-19-08:23:48.png,0.0524597429,0.942348,0.00450800546,7.023508e-05,6.07806141e-05,1.62729266e-05,8.389596e-07,0.000536142848,aluno3
8:23:47-aluno3-2017-06-19-08:23:50.png,0.0500584729,0.948840559,0.000567223236,4.36674563e-05,5.49274519e-05,0.0002338917,1.40210468e-05,0.000187217054,aluno3
8:23:49-aluno3-2017-06-19-08:23:52.png,0.08069071,0.916783,0.00113273074,0.000219089517,0.000107226937,0.0005550961,3.81311329e-05,0.00047406042,aluno3
8:23:51-aluno3-2017-06-19-08:23:54.png,0.02717342,0.9617791,0.00458119623,7.829237e-05,5.360207e-05,4.57147653e-05,2.975924e-06,0.00628567347,aluno3
8:23:53-aluno3-2017-06-19-08:23:55.png,0.0255280416,0.963473856,0.001957412,0.000557158433,0.0001915298,0.00365498872,8.00098e-05,0.004556978,aluno3
8:23:55-aluno3-2017-06-19-08:23:58.png,0.003926231,0.71671325,0.009955485,0.0004455522,0.000105457773,0.0017083704,1.28181491e-05,0.267132819,aluno3
8:23:57-aluno3-2017-06-19-08:24:00.png,0.004493501,0.9854523,0.00327884243,2.033103e-05,2.18587811e-05,1.23319805e-05,1.78762278e-07,0.0067206556,aluno3
8:23:59-aluno3-2017-06-19-08:24:02.png,0.0145903882,0.91831857,0.0011872421,0.0011497864,0.000297465973,0.05096039,0.000261141948,0.0132350028,aluno3
8:24:01-aluno3-2017-06-19-08:24:04.png,0.100757442,0.894083,0.00124085019,0.000499319,0.000204920492,0.00144054019,0.000130475688,0.00164344558,aluno3
8:24:03-aluno3-2017-06-19-08:24:06.png,0.0249628536,0.967564762,0.0009248848,5.09223e-05,4.69501319e-05,0.000340449944,1.2106023e-05,0.00609707227,aluno3
8:24:05-aluno3-2017-06-19-08:24:07.png,0.00295637175,0.9966078,0.0002730485,8.506323e-06,3.02267381e-06,1.821564e-05,2.99314365e-07,0.000132748464,aluno3
8:24:07-aluno3-2017-06-19-08:24:09.png,7.72804e-09,7.976135e-06,9.90591e-08,4.25466453e-08,1.837419e-10,4.59637448e-07,3.766098e-11,0.9999914,aluno3
8:24:09-aluno3-2017-06-19-08:24:11.png,2.12935834e-06,6.184533e-06,7.409678e-08,4.28818225e-07,4.781655e-09,8.11202838e-08,8.718611e-10,0.9999911,aluno3
8:24:11-aluno3-2017-06-19-08:24:14.png,0.0576871634,0.8891128,0.018282406,0.001070355,0.000282894034,0.000376636861,5.243044e-05,0.0331353247,aluno3
8:24:13-aluno3-2017-06-19-08:24:16.png,0.00398743665,0.7015717,0.0162434615,1.92679563e-05,1.72464024e-05,4.617153e-06,3.31321218e-07,0.278155923,aluno3
8:24:15-aluno3-2017-06-19-08:24:18.png,0.006097053,0.753440857,0.06832614,0.000274805352,0.00015680652,6.108344e-05,2.03369655e-06,0.171641216,aluno3
8:24:17-aluno3-2017-06-19-08:24:19.png,0.09498092,0.9028657,0.00142565835,6.1067e-05,0.000183775934,0.000111947047,4.15802642e-05,0.000329323258,aluno3
8:24:19-aluno3-2017-06-19-08:24:22.png,0.0107927565,0.9714033,0.00377297984,5.63663125e-05,7.419521e-05,8.269973e-05,5.83178235e-06,0.0138118891,aluno3
8:24:21-aluno3-2017-06-19-08:24:24.png,0.00113936036,0.1767379,9.35593562e-05,1.8111615e-06,4.391373e-06,0.0058846036,4.22167032e-05,0.8160961,aluno3
8:24:23-aluno3-2017-06-19-08:24:26.png,0.0262021683,0.907044768,0.00232662167,0.00162536243,0.000586279435,0.00877984148,0.000149779749,0.0532851741,aluno3
8:24:25-aluno3-2017-06-19-08:24:28.png,0.0227127,0.94678,0.006945921,0.003264046,0.00292788446,0.00958992448,0.000484607765,0.00729487138,aluno3
8:24:27-aluno3-2017-06-19-08:24:30.png,0.0111221951,0.984226167,0.00320000434,6.308418e-05,7.93241561e-05,0.000113800772,2.7712922e-06,0.00119266787,aluno3
8:24:29-aluno3-2017-06-19-08:24:32.png,0.07332058,0.9236775,0.00112685771,6.083984e-05,6.717781e-05,0.000134102738,2.06735131e-05,0.00159227941,aluno3
8:24:31-aluno3-2017-06-19-08:24:34.png,0.0219218377,0.974581838,0.000237164757,0.000203147778,4.62632561e-05,0.00256588054,0.0001289863,0.0003148972,aluno3
8:24:33-aluno3-2017-06-19-08:24:36.png,0.0291000325,0.961561263,0.00103098247,0.0008794726,0.000339543854,0.00479058549,0.00021110884,0.002087028,aluno3
8:24:35-aluno3-2017-06-19-08:24:38.png,0.04921575,0.9326962,0.004270031,0.000186691832,0.000138261821,0.000109074528,9.044886e-06,0.0133749163,aluno3
8:24:37-aluno3-2017-06-19-08:24:39.png,0.0210490637,0.978011131,0.0008125913,1.06067109e-05,1.10075671e-05,9.089652e-06,1.44429933e-07,9.63676939e-05,aluno3
8:24:39-aluno3-2017-06-19-08:24:42.png,0.009706575,0.9852242,0.00169474422,7.70727e-05,3.49991642e-05,0.000341157982,3.49563174e-06,0.00291775749,aluno3
8:24:41-aluno3-2017-06-19-08:24:44.png,0.0232368261,0.971219242,0.00118964084,0.000304902729,0.0001904869,0.0020515474,3.93293667e-05,0.00176804187,aluno3
8:24:43-aluno3-2017-06-19-08:24:46.png,0.006277395,0.91307956,0.0006295557,0.00109938858,0.000369152025,0.0773196444,8.077841e-05,0.00114453165,aluno3
8:24:45-aluno3-2017-06-19-08:24:48.png,0.006248805,0.9929128,0.0006475827,7.736939e-06,1.79593e-05,1.28860775e-05,2.61584773e-07,0.000151962071,aluno3
8:24:47-aluno3-2017-06-19-08:24:50.png,0.0285770185,0.9578321,0.00523559377,0.000535691332,0.0003869303,0.00055243884,3.105017e-05,0.006849163,aluno3
8:24:49-aluno3-2017-06-19-08:24:51.png,0.01691009,0.970665753,0.000213059364,9.849167e-05,0.000165235353,0.0106802769,0.0004917206,0.00077534595,aluno3
8:24:51-aluno3-2017-06-19-08:24:53.png,0.003949506,0.994327247,0.000799677451,1.10034953e-05,2.6804888e-05,2.66710176e-05,6.14055239e-07,0.0008584901,aluno3
8:24:53-aluno3-2017-06-19-08:24:56.png,0.000779300462,0.9154341,0.00379772647,1.84525052e-05,2.4998737e-05,3.127433e-05,2.27237592e-07,0.07991388,aluno3
8:24:55-aluno3-2017-06-19-08:24:58.png,0.0010335691,0.991761446,0.00556285772,5.20502272e-06,9.706085e-06,2.72035186e-06,2.31231763e-08,0.00162449176,aluno3
8:24:57-aluno3-2017-06-19-08:25:00.png,0.00570636755,0.991437,0.00190614024,4.249409e-05,5.496753e-05,3.44519722e-05,6.71148143e-07,0.0008178903,aluno3
8:24:59-aluno3-2017-06-19-08:25:02.png,0.009255814,0.9885329,0.000475107925,8.87555361e-05,9.4075e-05,0.000433754816,8.614841e-06,0.00111099379,aluno3
8:25:01-aluno3-2017-06-19-08:25:04.png,0.05278328,0.792299151,0.02817332,0.00162676221,0.000323525368,0.009829521,0.0008240862,0.114140369,aluno3
8:25:03-aluno3-2017-06-19-08:25:06.png,0.0405260921,0.9395021,0.00318812253,0.0005935865,0.000239049681,0.0122427987,0.000308079645,0.00340016931,aluno3
8:25:05-aluno3-2017-06-19-08:25:08.png,0.0154154636,0.9840685,0.0004843071,6.53889674e-06,8.937032e-06,1.00234256e-05,1.64679534e-07,6.033435e-06,aluno3
8:25:07-aluno3-2017-06-19-08:25:10.png,0.00491894828,0.3466515,0.000423011283,0.00174086017,0.0002854093,0.6443761,0.00010920607,0.00149496435,aluno3
8:25:09-aluno3-2017-06-19-08:25:12.png,0.00689372141,0.9728458,0.0177914128,0.0004908362,0.00117026339,0.0002649252,6.52106e-06,0.0005365536,aluno3
8:25:11-aluno3-2017-06-19-08:25:13.png,0.01935237,0.9715823,0.00303445756,0.000328429771,5.648374e-05,0.00158016419,2.18281511e-05,0.00404399727,aluno3
8:25:13-aluno3-2017-06-19-08:25:16.png,0.08169902,0.641760051,0.000161940552,0.000171505235,9.652738e-05,0.2720749,0.00260028732,0.00143575482,aluno3
8:25:15-aluno3-2017-06-19-08:25:17.png,0.0126125524,0.9689785,0.007965698,0.0004839946,0.000538180931,0.000857751642,1.5669988e-05,0.008547641,aluno3
8:25:17-aluno3-2017-06-19-08:25:19.png,0.003346653,0.846028864,0.00752312876,0.0002369411,0.000196665,0.000960141537,1.08598933e-05,0.141696751,aluno3
8:25:19-aluno3-2017-06-19-08:25:22.png,0.259664774,0.6193741,0.000442822959,0.000117159281,0.000152587527,0.0618490763,0.0456383228,0.0127611607,aluno3
8:25:21-aluno3-2017-06-19-08:25:24.png,0.00428284658,0.9857497,0.00320475618,2.42372516e-05,2.895844e-05,2.63170168e-05,5.77353035e-07,0.00668261154,aluno3
8:25:23-aluno3-2017-06-19-08:25:26.png,0.09663667,0.901507735,0.0007325638,0.000166223166,0.000151264234,0.000394529547,4.25902581e-05,0.000368409615,aluno3
8:25:25-aluno3-2017-06-19-08:25:28.png,0.0344160125,0.9581677,0.0008729138,0.000532897655,0.000271534,0.004220912,0.000133708731,0.00138435,aluno3
8:25:27-aluno3-2017-06-19-08:25:30.png,0.0610101223,0.9171059,0.00113805837,0.00229333527,0.000529255369,0.0159620009,0.00043922363,0.00152210344,aluno3
8:25:29-aluno3-2017-06-19-08:25:32.png,0.006789854,0.99167484,0.00101109245,2.0553729e-05,2.4902909e-05,2.5778676e-05,2.69535661e-07,0.00045272446,aluno3
8:25:31-aluno3-2017-06-19-08:25:34.png,0.0212176833,0.459461,0.000419685239,0.0178742222,0.004304882,0.495660037,0.0006754093,0.00038706456,aluno3
8:25:33-aluno3-2017-06-19-08:25:36.png,0.00371150486,0.9926594,0.002167021,2.675319e-05,3.21285152e-05,1.65971178e-05,1.1802782e-07,0.00138649391,aluno3
8:25:35-aluno3-2017-06-19-08:25:38.png,0.0209219418,0.9768126,0.0005904308,0.000150719381,0.000266659,0.0006091626,2.47168664e-05,0.0006237727,aluno3
8:25:37-aluno3-2017-06-19-08:25:40.png,0.006692611,0.987470567,0.00419683754,6.91545e-05,0.000124854152,2.36737633e-05,3.3197432e-07,0.00142199872,aluno3
8:25:39-aluno3-2017-06-19-08:25:42.png,0.008072541,0.975119,0.007624422,0.000208963858,0.000304167072,0.000139119787,3.80317624e-06,0.008527962,aluno3
8:25:42-aluno3-2017-06-19-08:25:45.png,0.0104705738,0.987052143,0.00140909257,0.000121017823,0.000158780284,9.084412e-05,1.80194138e-06,0.0006957669,aluno3
8:25:43-aluno3-2017-06-19-08:25:46.png,0.0105784414,0.9865883,0.00139135821,0.000235575353,0.000174190092,0.0002591255,4.07785637e-06,0.000768926344,aluno3
8:25:45-aluno3-2017-06-19-08:25:48.png,0.1267006,0.47887516,0.00537264859,0.0023903863,0.000422985031,0.035242267,0.00157668116,0.349419266,aluno3
8:25:47-aluno3-2017-06-19-08:25:50.png,1.77920447e-06,0.000128280051,5.80355527e-06,1.36416929e-05,6.381713e-08,1.65845154e-06,4.301591e-09,0.9998488,aluno3
8:25:49-aluno3-2017-06-19-08:25:52.png,0.00180983276,0.3141839,0.005643414,0.000150632739,5.05980861e-05,0.000706198451,5.456792e-06,0.67745,aluno3
8:25:51-aluno3-2017-06-19-08:25:54.png,0.000461857358,0.5663155,0.003109756,2.97717143e-05,1.53401379e-05,0.000584407244,1.33766332e-06,0.429482073,aluno3
8:25:53-aluno3-2017-06-19-08:25:56.png,0.000756950059,0.9386073,0.00287751853,1.1691347e-05,1.94709119e-05,4.60095871e-05,3.059336e-07,0.05768076,aluno3
8:25:55-aluno3-2017-06-19-08:25:58.png,0.00592939928,0.6222295,0.0007577495,0.00669642352,0.003622437,0.3542788,0.000301172,0.006184503,aluno3
8:25:57-aluno3-2017-06-19-08:26:00.png,0.7176047,0.1904967,0.00761300372,0.0431983173,0.01317576,0.009810994,0.007027099,0.0110734534,aluno3
8:25:59-aluno3-2017-06-19-08:26:02.png,0.199593261,0.535814762,0.0695716739,0.0277373921,0.00288048573,0.128689274,0.015084751,0.020628402,aluno3
8:26:01-aluno3-2017-06-19-08:26:04.png,0.212100834,0.7046267,0.0301097054,0.0006190962,0.000134735354,0.0009768653,0.000237899279,0.05119416,aluno3
8:26:03-aluno3-2017-06-19-08:26:06.png,0.3106286,0.27000314,0.0622422472,0.004428817,0.000165323465,0.000101780977,7.10315362e-05,0.3523591,aluno3
8:26:06-aluno3-2017-06-19-08:26:10.png,0.18064332,0.809627354,0.00282372045,0.000610712566,0.00018869224,0.0010662612,0.0003674681,0.00467244349,aluno3
8:26:07-aluno3-2017-06-19-08:26:11.png,0.0753130838,0.915208042,0.00251902873,0.000131063352,3.54666881e-05,0.0003477886,5.79239822e-05,0.00638760952,aluno3
8:26:09-aluno3-2017-06-19-08:26:12.png,0.00716699939,0.988095641,0.00188961008,9.473318e-06,1.03337788e-05,1.37723218e-05,3.80861536e-07,0.00281380373,aluno3
8:26:11-aluno3-2017-06-19-08:26:14.png,0.00112268073,0.9937029,0.0013662756,6.8202753e-06,1.64914491e-05,4.07565967e-05,2.750173e-07,0.003743822,aluno3
8:26:13-aluno3-2017-06-19-08:26:16.png,0.0468899272,0.949682236,0.001436265,6.64961844e-05,8.599602e-05,0.0002930331,3.099836e-05,0.00151502609,aluno3
8:26:15-aluno3-2017-06-19-08:26:18.png,0.409549236,0.5835264,0.00332871918,0.00121221482,0.000639893464,0.000536556239,0.0002755998,0.000931432063,aluno3
8:26:17-aluno3-2017-06-19-08:26:20.png,0.03189082,0.9640546,0.00137369439,0.000162599579,0.000104363673,0.0005970537,2.18408768e-05,0.00179506943,aluno3
8:26:19-aluno3-2017-06-19-08:26:22.png,0.0264475942,0.9703377,0.00102490571,0.000102456317,0.000100414283,0.0008883635,3.582e-05,0.00106273522,aluno3
8:26:23-aluno3-2017-06-19-08:26:26.png,0.0960319042,0.87281543,0.00644866331,0.000708000269,0.000119874276,0.000513134233,4.09041277e-05,0.0233220924,aluno3
8:26:25-aluno3-2017-06-19-08:26:30.png,0.000150895,0.958020747,0.000102531551,1.27564359e-08,4.19856434e-08,4.1333e-07,6.69652056e-10,0.0417253561,aluno3
8:26:27-aluno3-2017-06-19-08:26:33.png,0.00722205127,0.990366042,0.0008485955,8.38889e-06,1.25674148e-06,8.80899242e-05,1.82646011e-06,0.001463724,aluno3
8:26:29-aluno3-2017-06-19-08:26:35.png,0.0346615128,0.9339729,0.00304638,0.0005243469,0.000172953791,0.0252858754,0.000122223428,0.00221382757,aluno3
8:26:31-aluno3-2017-06-19-08:26:34.png,0.007748635,0.9867575,0.0015844244,1.9528361e-05,3.070151e-05,0.000311694865,3.6373774e-06,0.00354385725,aluno3
8:26:33-aluno3-2017-06-19-08:26:36.png,0.0137651647,0.967626035,0.00188106485,0.001712997,0.00146506983,0.011867038,0.0002803499,0.00140226819,aluno3
8:26:35-aluno3-2017-06-19-08:26:38.png,0.026182279,0.9455674,0.00198721979,0.00226027053,0.0004327754,0.02127064,0.000202812618,0.0020965978,aluno3
8:26:37-aluno3-2017-06-19-08:26:40.png,0.0400004722,0.951777756,0.00229911925,0.000159606469,0.0001341693,0.00036400737,1.27092135e-05,0.005252167,aluno3
8:26:40-aluno3-2017-06-19-08:26:43.png,0.0882160142,0.735150635,0.00151078275,0.009328631,0.00109681732,0.160182327,0.002425354,0.00208941451,aluno3
8:26:41-aluno3-2017-06-19-08:26:43.png,0.0301078167,0.278838575,0.0001996748,0.0149468826,0.00201485446,0.672603965,0.00110562646,0.00018257639,aluno3
8:26:43-aluno3-2017-06-19-08:26:46.png,0.0465948358,0.475974917,0.00056430907,0.008038104,0.002843808,0.459455,0.005593756,0.0009352661,aluno3
8:26:45-aluno3-2017-06-19-08:26:48.png,0.31479618,0.663238764,0.009937866,0.000437486742,0.000510104,0.003283539,0.004051734,0.00374430185,aluno3
8:26:49-aluno3-2017-06-19-08:26:52.png,0.332878441,0.6568072,0.000398547127,0.000137943469,0.0001979695,0.0018360375,0.00362938223,0.004114512,aluno3
8:26:51-aluno3-2017-06-19-08:26:54.png,0.0177127551,0.924161,0.004321021,0.000480322284,0.0007223052,0.00185934862,0.000396647956,0.0503465645,aluno3
8:26:53-aluno3-2017-06-19-08:26:56.png,0.0276349075,0.9173733,0.00272045075,0.00037082535,0.000458551454,0.00179344823,0.000554132333,0.04909439,aluno3
8:26:55-aluno3-2017-06-19-08:26:58.png,0.0379924551,0.8855707,0.0020477816,0.00138876284,0.00139994873,0.0204724576,0.008405166,0.0427227467,aluno3
8:26:57-aluno3-2017-06-19-08:27:00.png,0.0190550312,0.9525377,0.004196047,0.000121147947,0.000153969828,0.000171803767,5.762468e-06,0.0237585343,aluno3
8:26:59-aluno3-2017-06-19-08:27:02.png,0.18946059,0.8052086,0.00271179923,0.0006778018,0.000272168458,0.0008190865,0.000125531951,0.000724391255,aluno3
8:27:01-aluno3-2017-06-19-08:27:04.png,0.0562007464,0.373749316,0.0009204013,0.0271477122,0.0115056923,0.5281674,0.00183459418,0.000474105182,aluno3
8:27:03-aluno3-2017-06-19-08:27:06.png,0.0606765039,0.934294164,0.003431567,0.000224124,0.0004919186,0.000176031725,2.26876964e-05,0.00068299775,aluno3
8:27:05-aluno3-2017-06-19-08:27:08.png,0.224573851,0.766946435,0.00185232167,0.0012837426,0.00043051198,0.00348253269,0.0003583073,0.0010722921,aluno3
8:27:10-aluno3-2017-06-19-08:27:13.png,0.292700827,0.698680639,0.0018771711,0.00140611187,0.000545363466,0.00350462017,0.000411675283,0.0008735736,aluno3
8:27:11-aluno3-2017-06-19-08:27:14.png,0.182431638,0.8138297,0.00135982409,0.000835178653,0.000388726185,0.0005942399,3.94508024e-05,0.000521239766,aluno3
8:27:13-aluno3-2017-06-19-08:27:16.png,0.103930868,0.887486756,0.00752714742,6.16071e-05,0.000239587811,0.0002585665,8.499096e-05,0.000410469482,aluno3
8:27:15-aluno3-2017-06-19-08:27:23.png,0.4638007,0.535536468,0.0004512941,1.32413552e-05,6.234469e-05,7.451272e-05,5.09201745e-05,1.05043855e-05,aluno3
8:27:17-aluno3-2017-06-19-08:27:24.png,0.162239045,0.8364602,0.000548785,6.512603e-06,8.91826348e-05,0.000169827734,0.000467336184,1.913204e-05,aluno3
8:27:19-aluno3-2017-06-19-08:27:24.png,0.21151872,0.786601961,0.0004921178,9.849093e-06,0.00016131482,0.0003037163,0.0008827651,2.955414e-05,aluno3
8:27:21-aluno3-2017-06-19-08:27:24.png,0.08022786,0.9139745,0.00129040913,2.58767814e-05,0.000218469184,0.00109544431,0.0031005356,6.689484e-05,aluno3
8:27:23-aluno3-2017-06-19-08:27:26.png,0.2458385,0.75307256,0.000406693085,1.77412239e-05,0.00012914151,0.000149414685,0.000340647763,4.52803069e-05,aluno3
8:27:25-aluno3-2017-06-19-08:27:28.png,0.07775322,0.92064786,0.00084070873,1.64823778e-05,0.000195491783,0.000198527545,0.0003061115,4.162435e-05,aluno3
8:27:28-aluno3-2017-06-19-08:27:30.png,0.07315798,0.922497034,0.001145716,0.0005130707,0.000186678037,0.00128346181,8.995534e-05,0.00112610473,aluno3
8:27:29-aluno3-2017-06-19-08:27:32.png,0.0144879175,0.980476439,0.00195031636,9.724084e-05,8.637355e-05,0.000202122217,6.93604443e-06,0.00269267661,aluno3
8:27:33-aluno3-2017-06-19-08:27:35.png,0.0005760013,0.9976163,0.00103446061,2.906313e-06,1.71848278e-05,7.116286e-05,2.03053915e-07,0.000681792444,aluno3
8:27:33-aluno3-2017-06-19-08:27:36.png,0.01176714,0.860915542,0.00140946743,0.0009552317,0.000391427078,0.120817579,0.000366701046,0.00337693444,aluno3
8:27:35-aluno3-2017-06-19-08:27:38.png,0.0371170342,0.923392,0.000354371528,0.000389691239,0.00134051777,0.0104055656,0.00702901045,0.0199718177,aluno3
8:27:37-aluno3-2017-06-19-08:27:40.png,0.24688375,0.691290855,0.000575587736,0.000332839438,0.000606139,0.0102763893,0.029763069,0.020271387,aluno3
8:27:39-aluno3-2017-06-19-08:27:42.png,0.0109021906,0.983025968,0.000223081239,2.9301209e-05,0.0002098194,0.00233522523,0.00151181815,0.00176257594,aluno3
8:27:41-aluno3-2017-06-19-08:27:44.png,0.017332226,0.9717224,0.000491946645,0.00012381433,0.000804525451,0.005316785,0.00316900457,0.00103926833,aluno3
8:27:43-aluno3-2017-06-19-08:27:46.png,0.0118384492,0.982752264,0.000188982944,3.709701e-05,0.000475283421,0.00279832049,0.00172925787,0.0001803501,aluno3
8:27:45-aluno3-2017-06-19-08:27:48.png,0.0185967237,0.97102344,0.00033079827,7.233389e-05,0.000566251168,0.00580973644,0.00308488635,0.0005158106,aluno3
8:27:47-aluno3-2017-06-19-08:27:50.png,0.0170760322,0.9758828,0.0002615643,5.921608e-05,0.000814284431,0.00305514131,0.00246938132,0.000381563,aluno3
8:27:49-aluno3-2017-06-19-08:27:52.png,0.09942432,0.82212317,0.000227945842,5.58894135e-05,0.0001096677,0.0460252129,0.01052298,0.0215107948,aluno3
8:27:51-aluno3-2017-06-19-08:27:54.png,0.0464172475,0.93699944,0.00100867462,0.000285085,0.0005427533,0.0030692846,0.00329247233,0.00838505,aluno3
8:27:53-aluno3-2017-06-19-08:27:56.png,0.3240368,0.6551594,0.0144399852,0.0001632776,0.00031539402,0.000781939947,0.00151582144,0.00358734885,aluno3
8:27:55-aluno3-2017-06-19-08:27:57.png,0.368119538,0.6214017,0.00310786651,0.000151494853,0.000404049468,0.000591713353,0.00109628809,0.00512729539,aluno3
8:27:57-aluno3-2017-06-19-08:28:00.png,0.521451235,0.469403058,0.00576768536,0.000183554672,0.0003986183,0.000437660463,0.00128751539,0.00107066345,aluno3
8:27:59-aluno3-2017-06-19-08:28:02.png,0.525382757,0.46735242,0.0046852245,0.000169396139,0.0005348702,0.000201823539,0.000764954253,0.000908554648,aluno3
8:28:01-aluno3-2017-06-19-08:28:04.png,0.158184022,0.825294554,0.000744237041,4.894387e-05,9.3425675e-05,0.00302205537,0.008775066,0.00383769046,aluno3
8:28:03-aluno3-2017-06-19-08:28:06.png,0.0151535328,0.975262165,0.003241832,0.000101626138,7.701549e-05,0.000390160247,1.70241983e-05,0.005756659,aluno3
8:28:05-aluno3-2017-06-19-08:28:08.png,0.00507054338,0.6984056,0.00221856846,0.000947203254,0.00012523387,0.192329526,9.03823748e-05,0.100812919,aluno3
8:28:07-aluno3-2017-06-19-08:28:10.png,0.0107276561,0.417179018,0.00239784014,0.00307847373,0.000756008434,0.558752656,0.000423611,0.00668474054,aluno3
8:28:09-aluno3-2017-06-19-08:28:11.png,0.0352880619,0.890119433,0.00748494873,0.000189789818,6.698436e-05,0.000532195438,1.95215016e-05,0.0662990957,aluno3
8:28:11-aluno3-2017-06-19-08:28:13.png,0.0007781038,0.98016715,0.00326182344,1.1036168e-05,6.82213977e-06,3.15081525e-05,2.08602231e-07,0.01574337,aluno3
8:28:15-aluno3-2017-06-19-08:28:17.png,0.0323333964,0.9659163,0.0009515638,4.790249e-05,5.29190547e-05,0.000130200046,4.342361e-06,0.0005634099,aluno3
8:28:17-aluno3-2017-06-19-08:28:20.png,0.150530353,0.846848369,0.000915259239,8.656757e-05,0.000179563009,0.0003378656,0.00011623239,0.0009858125,aluno3
8:28:19-aluno3-2017-06-19-08:28:21.png,0.0606097654,0.9380941,0.0005341809,0.000177503593,9.73238857e-05,0.000205426826,1.02018821e-05,0.000271534,aluno3
8:28:21-aluno3-2017-06-19-08:28:24.png,0.06377263,0.9323788,0.0016560792,0.000295720471,0.000292441371,0.000507363933,5.754022e-05,0.00103939651,aluno3
8:28:23-aluno3-2017-06-19-08:28:25.png,0.03986356,0.958735764,0.00086867885,4.453503e-05,0.000105040352,6.03340959e-05,7.978662e-06,0.000314124743,aluno3
8:28:25-aluno3-2017-06-19-08:28:27.png,0.07501163,0.919325233,0.00242904224,0.0001547306,9.19127851e-05,0.0001797877,8.074148e-06,0.00279958313,aluno3
8:28:27-aluno3-2017-06-19-08:28:30.png,0.292506546,0.7053345,0.0006587572,0.0003895429,0.0001472434,0.0004412138,7.91009e-05,0.000443129975,aluno3
8:28:29-aluno3-2017-06-19-08:28:32.png,0.0475309752,0.946460247,0.00143146852,0.00053199887,0.000965520041,0.00199944619,0.0004291773,0.000651181152,aluno3
8:28:31-aluno3-2017-06-19-08:28:34.png,0.00747006061,0.945507169,0.04126463,7.377337e-05,3.96577925e-05,2.4906838e-05,5.67875e-07,0.005619211,aluno3
8:28:33-aluno3-2017-06-19-08:28:36.png,0.185730651,0.8131692,0.0005181504,6.035737e-05,3.434949e-05,0.000126915256,1.64923549e-05,0.000343884458,aluno3
8:28:35-aluno3-2017-06-19-08:28:38.png,0.273665577,0.7254131,0.000444264238,7.721657e-05,4.80476629e-05,0.000134328307,2.00070244e-05,0.000197486544,aluno3
8:28:37-aluno3-2017-06-19-08:28:40.png,0.2322637,0.765675,0.0008103788,0.000130864239,5.035412e-05,0.000316405436,5.99405321e-05,0.000693356036,aluno3
8:28:39-aluno3-2017-06-19-08:28:41.png,0.104734771,0.8923042,0.000765613862,0.000248456054,9.036079e-05,0.000658147444,4.06656873e-05,0.00115778227,aluno3
8:28:41-aluno3-2017-06-19-08:28:43.png,0.34905985,0.6494058,0.0007140367,0.0001625498,8.284499e-05,0.000133765934,2.94119527e-05,0.000411785324,aluno3
8:28:43-aluno3-2017-06-19-08:28:45.png,0.007768006,0.9706296,0.003435565,1.42703157e-05,1.35734226e-05,2.5129304e-05,6.599414e-07,0.0181132127,aluno3
8:28:45-aluno3-2017-06-19-08:28:48.png,0.09459014,0.8966259,0.00444141449,0.000599251944,0.000748020539,0.0009081051,0.000242808281,0.00184438482,aluno3
8:28:47-aluno3-2017-06-19-08:28:50.png,0.006740525,0.9799974,0.00887194648,3.9542374e-05,0.0007575862,0.000644287036,6.517831e-05,0.0028835535,aluno3
8:28:49-aluno3-2017-06-19-08:28:52.png,0.07326917,0.92383486,0.00197499525,9.438462e-05,4.42961136e-05,0.000218876448,1.08433724e-05,0.0005525702,aluno3
8:28:53-aluno3-2017-06-19-08:28:55.png,0.0262316037,0.966650069,0.00247930922,0.0008340473,0.0002707843,0.002134141,8.59816937e-05,0.00131407671,aluno3
8:28:55-aluno3-2017-06-19-08:28:58.png,0.0336636342,0.9640554,0.0005038553,0.000157002258,0.000230861362,0.000716594164,5.987e-05,0.00061279285,aluno3
8:28:57-aluno3-2017-06-19-08:29:00.png,0.0269596446,0.965859354,0.00449441373,8.79573345e-05,8.021662e-05,9.79862161e-05,7.71144e-06,0.002412694,aluno3
8:28:59-aluno3-2017-06-19-08:29:02.png,0.09724929,0.9008962,0.000657218159,9.754098e-05,0.000135836148,0.000356574426,5.5175813e-05,0.0005521711,aluno3
8:29:01-aluno3-2017-06-19-08:29:03.png,0.173828989,0.8171093,0.0024045154,0.0005503269,0.000630977,0.003622862,0.000800310168,0.00105271849,aluno3
8:29:03-aluno3-2017-06-19-08:29:06.png,0.0139284777,0.9780339,0.003150994,9.258451e-05,0.000113753682,0.000567774463,2.29790385e-05,0.00408955151,aluno3
8:29:05-aluno3-2017-06-19-08:29:08.png,0.123729557,0.362666,0.00103091239,0.0287848469,0.009328376,0.46252948,0.0114791663,0.0004516747,aluno3
8:29:07-aluno3-2017-06-19-08:29:10.png,0.3262175,0.66918,0.00104145717,0.00114035991,0.000437511422,0.0006831567,0.000101642749,0.00119843322,aluno3
8:29:09-aluno3-2017-06-19-08:29:12.png,0.08730692,0.9039843,0.0009026752,0.00100076292,0.0005586832,0.00524700945,0.0006069969,0.000392667571,aluno3
8:29:11-aluno3-2017-06-19-08:29:14.png,0.061479792,0.937487543,0.000614968536,3.330343e-05,5.45963449e-05,0.00011258736,1.26862788e-05,0.000204533048,aluno3
8:29:13-aluno3-2017-06-19-08:29:16.png,0.185903937,0.683249533,0.0009450831,0.0106155183,0.00160854682,0.110692754,0.0061996174,0.0007850339,aluno3
8:29:15-aluno3-2017-06-19-08:29:18.png,0.04502819,0.3866486,0.0007105796,0.0261659324,0.008737291,0.528345644,0.0037082138,0.0006555506,aluno3
8:29:17-aluno3-2017-06-19-08:29:20.png,0.04765206,0.949786544,0.000603460532,0.000181674812,0.000456039241,0.0005541067,0.000106236912,0.000659858,aluno3
8:29:19-aluno3-2017-06-19-08:29:22.png,0.05947022,0.939121366,0.000189612023,0.000206908269,0.000256033236,0.000597581733,4.729522e-05,0.000110970977,aluno3
8:29:21-aluno3-2017-06-19-08:29:24.png,0.135465443,0.8599157,0.0008761825,0.0009296863,0.0006431181,0.00165344554,0.000242058246,0.000274377933,aluno3
8:29:23-aluno3-2017-06-19-08:29:26.png,0.2944465,0.7030481,0.00143002835,0.0002581314,0.000171824388,0.00033932933,0.0001561197,0.000149957676,aluno3
8:29:25-aluno3-2017-06-19-08:29:28.png,0.300308734,0.694418967,0.0014249183,0.0015909276,0.0006038676,0.00100882968,0.000294338621,0.000349421083,aluno3
8:29:27-aluno3-2017-06-19-08:29:30.png,0.186108738,0.8071484,0.000886849768,0.00109986716,0.0006090505,0.0032791656,0.000530420453,0.000337520556,aluno3
8:29:29-aluno3-2017-06-19-08:29:32.png,0.06419792,0.9335983,0.000891572738,0.000189255225,0.000264635921,0.000462585973,3.75712443e-05,0.000358158257,aluno3
8:29:31-aluno3-2017-06-19-08:29:34.png,0.105116859,0.892439842,0.00125112047,0.000266416522,0.00022851229,0.0003245486,3.432881e-05,0.000338361453,aluno3
8:29:33-aluno3-2017-06-19-08:29:36.png,0.00596199557,0.99031657,0.002084698,4.02127e-05,5.839909e-05,6.195776e-05,9.737503e-07,0.001475202,aluno3
8:13:23-aluno3-2017-06-19-08:13:26.png,0.04460595,0.930429339,0.0178111568,0.000216689936,8.129733e-05,0.0002411277,8.633673e-06,0.006605803,aluno3
8:13:25-aluno3-2017-06-19-08:13:27.png,0.0229825918,0.9734812,0.00162765256,8.14653249e-05,6.930957e-05,0.000128912172,4.583493e-06,0.00162429386,aluno3
8:13:27-aluno3-2017-06-19-08:13:30.png,0.0284213554,0.929016948,0.03467011,0.0002544517,0.000108397115,0.000115235925,6.82975224e-06,0.00740666967,aluno3
8:13:29-aluno3-2017-06-19-08:13:32.png,0.07108309,0.92567724,0.001325666,0.000133529829,0.00013348629,0.000457904651,3.792376e-05,0.00115114357,aluno3
8:13:31-aluno3-2017-06-19-08:13:34.png,0.0122035751,0.982023239,0.004167815,2.91356046e-05,5.99174236e-05,9.025789e-06,3.18689445e-07,0.0015069712,aluno3
8:13:33-aluno3-2017-06-19-08:13:36.png,0.149639517,0.8479184,0.00113004469,0.000199865739,0.0001597708,0.0003796042,4.47976963e-05,0.0005279982,aluno3
8:13:35-aluno3-2017-06-19-08:13:38.png,0.0121923471,0.981364965,0.00188639062,0.000257793174,0.0002876176,0.00284994347,0.000127477964,0.00103347737,aluno3
8:13:37-aluno3-2017-06-19-08:13:40.png,0.112207405,0.8403053,0.00109432545,0.002970124,0.000506434066,0.0391522646,0.00169349613,0.00207063323,aluno3
8:13:39-aluno3-2017-06-19-08:13:42.png,0.0316277519,0.963614643,0.002655288,7.771075e-05,0.000112669768,3.73664734e-05,1.387884e-06,0.00187319878,aluno3
8:13:41-aluno3-2017-06-19-08:13:44.png,0.0577701181,0.934370637,0.00247116713,0.0004699585,0.000193843473,0.00194789411,0.000114798524,0.00266159256,aluno3
8:13:43-aluno3-2017-06-19-08:13:46.png,0.137479454,0.860562,0.0008019189,0.000152412977,0.000158399809,0.0004570504,4.522124e-05,0.000343488267,aluno3
8:13:45-aluno3-2017-06-19-08:13:48.png,0.06420363,0.9253001,0.00383068016,0.0006480439,0.0009708531,0.00176642928,0.00032643546,0.0029537864,aluno3
8:13:47-aluno3-2017-06-19-08:13:50.png,0.0281371959,0.899499834,0.00129189622,0.00489356974,0.0006073885,0.0635305345,0.0003851874,0.00165441353,aluno3
8:13:49-aluno3-2017-06-19-08:13:52.png,0.118607745,0.878437638,0.0010045853,0.000227602,0.0001811921,0.000482424715,5.25286378e-05,0.00100628438,aluno3
8:13:51-aluno3-2017-06-19-08:13:53.png,0.06518038,0.9276011,0.00423021754,0.000278441585,0.0005090239,0.0006882681,0.0001535388,0.001359011,aluno3
8:13:53-aluno3-2017-06-19-08:13:56.png,0.0130461082,0.986159146,0.00030144077,4.61252748e-05,2.82243327e-05,0.000343125372,3.22630763e-06,7.25930659e-05,aluno3
8:13:55-aluno3-2017-06-19-08:13:58.png,0.025754733,0.9726833,0.00110984955,7.70461e-05,0.000106312968,9.872953e-05,3.45119179e-06,0.000166551836,aluno3
8:13:57-aluno3-2017-06-19-08:14:00.png,0.0368986465,0.9606641,0.00157558045,0.000143035213,0.000121918674,0.000251092075,1.00451e-05,0.000335611461,aluno3
8:13:59-aluno3-2017-06-19-08:14:02.png,0.0106636751,0.9502677,0.0226976182,0.000101493948,0.000242746115,8.640567e-05,5.393488e-06,0.0159350056,aluno3
8:14:01-aluno3-2017-06-19-08:14:04.png,0.008041763,0.990136266,4.634739e-05,1.34383763e-05,2.77910822e-05,0.001685121,2.70377382e-06,4.65900666e-05,aluno3
8:14:03-aluno3-2017-06-19-08:14:06.png,0.010946515,0.906794667,0.00289623672,2.649327e-05,2.24102623e-05,7.648497e-05,1.57371142e-06,0.07923559,aluno3
8:14:05-aluno3-2017-06-19-08:14:08.png,0.0111245634,0.9372379,0.0301984288,8.765777e-05,0.0002201372,6.971206e-05,2.82413566e-06,0.0210587513,aluno3
8:14:07-aluno3-2017-06-19-08:14:10.png,0.032231085,0.96448195,0.002624434,4.745465e-05,0.000154838126,5.67336319e-05,3.9492e-06,0.000399580982,aluno3
8:14:09-aluno3-2017-06-19-08:14:12.png,0.314683527,0.487674326,0.0022790425,0.00646125665,0.00319460314,0.07805631,0.105737172,0.0019137637,aluno3
8:14:11-aluno3-2017-06-19-08:14:14.png,0.007271716,0.986831665,0.00149569137,0.000103301361,3.5123936e-05,0.000495333748,1.40987586e-05,0.003753067,aluno3
8:14:13-aluno3-2017-06-19-08:14:16.png,0.0002744054,0.884156346,0.000455192145,3.28160859e-05,1.12173866e-05,0.0317064561,1.23832851e-05,0.0833511651,aluno3
8:14:15-aluno3-2017-06-19-08:14:18.png,0.0212615244,0.943785846,0.005839196,0.00155951071,0.0006495746,0.00172474666,3.82916769e-05,0.0251413286,aluno3
8:14:17-aluno3-2017-06-19-08:14:20.png,0.0393330939,0.9216308,0.008915203,0.000815882464,0.000680697442,0.00201604771,8.881741e-05,0.0265194476,aluno3
8:14:19-aluno3-2017-06-19-08:14:22.png,0.0137224523,0.9812412,0.00318505545,3.53392024e-05,3.73393777e-05,0.000107654843,2.11346173e-06,0.00166883937,aluno3
8:14:21-aluno3-2017-06-19-08:14:24.png,0.00448553637,0.9927767,0.00137220032,2.928997e-05,2.81325574e-05,0.0008341696,5.65856135e-06,0.000468299055,aluno3
8:14:23-aluno3-2017-06-19-08:14:27.png,0.02779174,0.9703819,0.000656668039,7.949166e-05,4.241577e-05,0.000739791838,1.01672686e-05,0.0002977961,aluno3
8:14:25-aluno3-2017-06-19-08:14:28.png,0.0330020748,0.9634517,0.0009357309,0.000343387568,5.882899e-05,0.00179634872,1.35798555e-05,0.0003983715,aluno3
8:14:27-aluno3-2017-06-19-08:14:30.png,0.113169491,0.884361863,0.00217968319,2.27522432e-05,3.72580962e-06,8.930924e-05,3.23512e-06,0.0001699187,aluno3
8:14:29-aluno3-2017-06-19-08:14:32.png,0.06788899,0.927597642,0.00355825829,0.000105039122,9.02739848e-05,0.000105198313,7.566979e-06,0.0006470572,aluno3
8:14:31-aluno3-2017-06-19-08:14:34.png,0.07472087,0.918941736,0.00408759853,0.0003916619,0.000172024913,0.0004009583,2.34215149e-05,0.00126171752,aluno3
8:14:33-aluno3-2017-06-19-08:14:36.png,0.0277395416,0.9685843,0.00210062182,0.0001839793,0.00010483704,0.0005414326,1.12558873e-05,0.000734045,aluno3
8:14:35-aluno3-2017-06-19-08:14:38.png,0.0375835635,0.9390722,0.001105943,0.00102848373,0.000383669569,0.0174832474,0.0003299323,0.00301294355,aluno3
8:14:37-aluno3-2017-06-19-08:14:40.png,0.005655271,0.439102232,0.0004183883,0.002141863,0.0005764092,0.5502305,0.000367762346,0.00150757818,aluno3
8:14:39-aluno3-2017-06-19-08:14:42.png,0.009052069,0.986925066,0.00235181721,4.821866e-05,4.38753777e-05,5.65874871e-05,1.52036932e-06,0.00152083277,aluno3
8:14:41-aluno3-2017-06-19-08:14:44.png,0.008720754,0.9818389,0.002436429,0.000199400078,0.000295035046,0.00353756035,0.000113911366,0.002858047,aluno3
8:14:43-aluno3-2017-06-19-08:14:46.png,0.0204725061,0.975204647,0.003293358,6.06938738e-05,3.77973338e-05,4.294828e-05,7.592278e-07,0.0008873053,aluno3
8:14:45-aluno3-2017-06-19-08:14:48.png,0.0346730649,0.9633874,0.00129776669,5.0649287e-05,3.32809832e-05,0.0001347331,3.94547124e-06,0.0004191086,aluno3
8:14:47-aluno3-2017-06-19-08:14:50.png,0.02016626,0.9758735,0.00137260614,0.000205274991,7.602226e-05,0.00156462006,2.4868601e-05,0.000716847833,aluno3
8:14:49-aluno3-2017-06-19-08:14:52.png,0.0100454679,0.9818803,0.000290744822,0.000215853535,3.95004536e-05,0.00727186538,1.82840213e-05,0.0002379789,aluno3
8:14:51-aluno3-2017-06-19-08:14:54.png,0.0303764213,0.9238955,0.000824361,0.0002926874,7.596886e-05,0.0218037441,0.0004049828,0.0223263837,aluno3
8:14:53-aluno3-2017-06-19-08:14:56.png,0.111427449,0.8646558,0.000657540455,0.000160283525,0.000265805167,0.004219557,0.00699628843,0.0116172535,aluno3
8:14:55-aluno3-2017-06-19-08:14:58.png,2.98307629e-10,1.695777e-07,1.02805731e-09,3.09289483e-09,1.23994478e-11,1.05294342e-08,2.20157811e-12,0.9999998,aluno3
8:14:57-aluno3-2017-06-19-08:15:00.png,0.0105619924,0.6188751,0.00225090212,0.00175714528,0.001655912,0.3017844,0.00119519886,0.0619193576,aluno3
8:14:59-aluno3-2017-06-19-08:15:02.png,0.122304931,0.8639891,0.00126711268,0.0012085248,0.000314994453,0.009970672,0.00017314314,0.0007714815,aluno3
8:15:05-aluno3-2017-06-19-08:15:08.png,0.0144184763,0.364047736,0.009174954,0.00212494517,0.0014007336,0.00512998737,0.000807079952,0.6028961,aluno3
8:15:11-aluno3-2017-06-19-08:15:13.png,0.0136100166,0.9810906,0.00105452223,0.00014704559,5.50897421e-05,0.000578318955,3.40572442e-05,0.00343037117,aluno3
8:15:13-aluno3-2017-06-19-08:15:16.png,0.0185857974,0.9784272,0.00178674038,4.90274433e-05,3.35172e-05,4.575765e-05,1.76292633e-06,0.00107021106,aluno3
8:15:31-aluno3-2017-06-19-08:15:33.png,0.00245980918,0.9897077,0.000186066012,2.26526754e-05,8.999006e-05,0.00168750773,2.29786165e-05,0.0058232923,aluno3
8:15:37-aluno3-2017-06-19-08:15:39.png,0.00123565912,0.9888767,0.00034539288,1.80010538e-05,0.000129458364,0.00124717131,1.1465826e-05,0.008136132,aluno3
8:15:39-aluno3-2017-06-19-08:15:49.png,0.0121181114,0.9542998,0.0007032241,9.990784e-05,0.000150615844,0.0282399617,0.003222745,0.00116565358,aluno3
8:15:43-aluno3-2017-06-19-08:15:50.png,0.00458210148,0.993988633,0.00011007236,5.570548e-06,2.22344952e-05,0.00105326937,9.077632e-05,0.000147318657,aluno3
8:15:45-aluno3-2017-06-19-08:15:50.png,0.000836132269,0.9929417,4.77847825e-05,2.5595602e-05,0.00123346748,0.00474296976,0.000115214323,5.71545825e-05,aluno3
8:15:47-aluno3-2017-06-19-08:15:50.png,0.002159873,0.939886153,0.000129749053,1.7993294e-05,1.62077849e-05,0.00335966377,3.548123e-05,0.0543949045,aluno3
8:15:49-aluno3-2017-06-19-08:15:51.png,0.0415322743,0.9482136,0.002263671,0.00024290265,9.425533e-05,0.000397524447,2.00298e-05,0.00723577943,aluno3
8:15:51-aluno3-2017-06-19-08:15:54.png,0.550863445,0.430009067,0.00246428326,0.00399566768,0.000651229348,0.00489345659,0.001283047,0.00583982933,aluno3
8:15:53-aluno3-2017-06-19-08:15:56.png,0.416503638,0.581429362,0.00109770452,0.0003052573,0.000142579243,0.000225169366,5.0264025e-05,0.000246043026,aluno3
8:15:55-aluno3-2017-06-19-08:15:58.png,0.82101,0.106723629,0.0002909831,0.0003961036,0.000365226646,0.018209517,0.0493201576,0.00368438684,aluno3
8:15:57-aluno3-2017-06-19-08:16:00.png,0.6566385,0.3343897,0.000890119059,0.00177294842,0.000472892862,0.00381041714,0.00187687087,0.000148536928,aluno3
8:15:59-aluno3-2017-06-19-08:16:02.png,0.007563681,0.9645694,0.004403491,1.51243457e-05,3.02744484e-05,1.86615816e-05,4.607167e-07,0.0233989116,aluno3
8:16:01-aluno3-2017-06-19-08:16:04.png,0.0506237857,0.9462735,0.0009694183,0.000128656233,0.000120324956,0.0004056907,1.86037887e-05,0.0014600096,aluno3
8:16:03-aluno3-2017-06-19-08:16:06.png,0.03861376,0.957936764,0.00123766751,0.00018209136,0.0001603904,0.000399582466,1.4833452e-05,0.00145492807,aluno3
8:16:05-aluno3-2017-06-19-08:16:08.png,0.103307158,0.892343163,0.00106581394,0.00040583103,0.000254582381,0.00124370959,8.001628e-05,0.00129969756,aluno3
8:16:07-aluno3-2017-06-19-08:16:10.png,0.0819925144,0.910586655,0.00138917216,0.000574087,0.000263206923,0.00362208067,0.0002475408,0.00132472825,aluno3
8:16:09-aluno3-2017-06-19-08:16:12.png,0.0267883334,0.9714721,0.0008570639,4.05535175e-05,4.62953758e-05,6.563968e-05,1.906059e-06,0.0007281344,aluno3
8:16:11-aluno3-2017-06-19-08:16:14.png,0.202422276,0.79521203,0.0009813701,0.0002106006,0.000185433368,0.0003713015,4.923026e-05,0.0005677741,aluno3
8:16:13-aluno3-2017-06-19-08:16:16.png,0.048466932,0.943625152,0.00245230971,0.0002638516,0.0002346691,0.0007780944,4.84437078e-05,0.004130531,aluno3
8:16:15-aluno3-2017-06-19-08:16:18.png,0.03164779,0.962789834,0.00253798137,5.533652e-05,8.161347e-05,0.000210054684,1.24268681e-05,0.00266497163,aluno3
8:16:17-aluno3-2017-06-19-08:16:20.png,0.02220604,0.970160067,0.002154911,2.13953444e-05,2.43033173e-05,1.85327335e-05,5.156629e-07,0.005414223,aluno3
8:16:21-aluno3-2017-06-19-08:16:24.png,0.02299659,0.9729915,0.0002032942,2.89432846e-05,0.000105860847,0.000182643053,1.45535414e-05,0.00347661762,aluno3
8:16:25-aluno3-2017-06-19-08:16:28.png,0.290951222,0.682879448,0.01603484,0.00112306338,0.0005570388,7.313933e-05,2.584131e-05,0.00835538749,aluno3
8:16:27-aluno3-2017-06-19-08:16:30.png,0.0179409757,0.9787485,0.000593104749,2.59784119e-05,1.36436e-05,0.00137426774,1.23975251e-05,0.00129111588,aluno3
8:16:29-aluno3-2017-06-19-08:16:32.png,0.0417887978,0.957035542,0.0008124071,5.734819e-06,2.73540059e-06,6.458961e-05,6.758824e-07,0.000289512478,aluno3
8:16:31-aluno3-2017-06-19-08:16:33.png,0.06577975,0.933337152,0.00071691937,1.18885218e-05,5.317839e-06,7.76064844e-05,2.09154382e-06,6.927404e-05,aluno3
8:16:33-aluno3-2017-06-19-08:16:36.png,0.106484823,0.8919513,0.00110013154,3.15757825e-05,8.244658e-06,0.000336546,9.858647e-06,7.748512e-05,aluno3
8:16:35-aluno3-2017-06-19-08:16:38.png,0.02602227,0.963468,0.008755625,2.68054882e-05,1.1994628e-05,7.617349e-05,1.5981509e-06,0.00163753226,aluno3
8:16:37-aluno3-2017-06-19-08:16:40.png,0.06436101,0.9314963,0.00350339315,5.1838404e-05,1.08015111e-05,0.000251083868,7.48821276e-06,0.000318054867,aluno3
8:16:49-aluno3-2017-06-19-08:16:51.png,0.0278431661,0.963492155,0.000473761436,3.726367e-06,1.86985778e-06,0.00018178625,7.497921e-06,0.007996059,aluno3
8:16:51-aluno3-2017-06-19-08:16:53.png,0.00912878849,0.98860997,0.000226092918,7.77774258e-05,4.699227e-05,0.0008699754,8.627336e-06,0.00103179412,aluno3
8:16:53-aluno3-2017-06-19-08:16:56.png,0.03424332,0.949758,0.001714357,4.285232e-05,1.252965e-05,0.00018467757,3.956634e-06,0.0140403016,aluno3
8:16:55-aluno3-2017-06-19-08:16:57.png,0.04296426,0.955650032,0.0006624125,1.81321866e-05,4.366949e-06,3.56389573e-05,8.023485e-07,0.0006643522,aluno3
8:16:57-aluno3-2017-06-19-08:17:00.png,0.0185968056,0.974769652,0.000179985145,8.113773e-05,2.48729957e-05,0.006206877,1.546162e-05,0.000125188439,aluno3
8:16:59-aluno3-2017-06-19-08:17:02.png,0.02122851,0.9772517,0.000454536377,5.780667e-05,4.92244726e-05,0.0006412216,9.612491e-06,0.000307354727,aluno3
8:17:01-aluno3-2017-06-19-08:17:04.png,0.00226036832,0.7911914,0.00112489949,9.24628548e-05,0.000129919121,0.00170999463,1.83080738e-05,0.203472644,aluno3
8:17:03-aluno3-2017-06-19-08:17:05.png,0.00318790553,0.992688358,0.00344000547,2.371186e-05,8.066539e-06,1.52980865e-05,6.204011e-08,0.0006366138,aluno3
8:17:05-aluno3-2017-06-19-08:17:07.png,0.00286309421,0.874932051,0.000339812017,0.000155994756,0.000117639451,0.120789163,4.03525e-05,0.0007618694,aluno3
8:17:07-aluno3-2017-06-19-08:17:09.png,0.0371563062,0.96117425,0.00106563023,4.52041277e-05,2.36526175e-05,0.000365548971,9.749506e-06,0.000159653879,aluno3
8:17:09-aluno3-2017-06-19-08:17:12.png,0.006134057,0.993155062,0.0004797294,1.47267483e-05,3.339284e-05,0.000106324012,4.97485144e-06,7.175742e-05,aluno3
8:17:11-aluno3-2017-06-19-08:17:14.png,0.0118512418,0.9706162,0.00318499166,0.000401333178,0.000226833916,0.00267355354,4.388997e-05,0.0110019213,aluno3
8:17:13-aluno3-2017-06-19-08:17:16.png,0.04047039,0.9497465,0.00477109058,0.000268524018,0.000175709123,0.0001285035,7.972083e-06,0.004431346,aluno3
8:17:15-aluno3-2017-06-19-08:17:18.png,0.047338184,0.945633948,0.00153469341,0.000305033755,0.000316042337,0.00165444077,0.000227586832,0.00299010216,aluno3
8:17:17-aluno3-2017-06-19-08:17:19.png,0.0406652838,0.946009,0.00154560048,0.000377811084,0.000348043948,0.004337849,0.000399697048,0.00631673634,aluno3
8:17:19-aluno3-2017-06-19-08:17:22.png,0.1408487,0.716313362,0.000685778854,0.000455259782,0.000315485784,0.109803393,0.0292575546,0.00232044677,aluno3
8:17:21-aluno3-2017-06-19-08:17:24.png,0.0236598626,0.975293934,0.000665072,1.707192e-05,2.20045586e-05,7.476147e-05,7.229474e-07,0.0002665729,aluno3
8:17:23-aluno3-2017-06-19-08:17:26.png,0.0278588366,0.9380509,0.0008308122,0.000797493733,0.000273179641,0.030058993,0.0001996716,0.00193007209,aluno3
8:17:25-aluno3-2017-06-19-08:17:28.png,0.03982941,0.93811363,0.00163313642,0.00087426,0.000345330132,0.0167282447,0.000236103209,0.00223989249,aluno3
8:17:27-aluno3-2017-06-19-08:17:30.png,0.059846662,0.9388979,0.000747643935,3.7940943e-05,4.298239e-05,0.000237821878,6.55552867e-06,0.000182469608,aluno3
8:17:29-aluno3-2017-06-19-08:17:32.png,0.0633359253,0.9339886,0.000888682436,9.23924454e-05,6.76978161e-05,0.00123685761,3.55450575e-05,0.0003543447,aluno3
8:17:31-aluno3-2017-06-19-08:17:33.png,0.0401722454,0.9399388,0.00240687537,0.00125507556,0.000425147562,0.008674081,0.00018401,0.00694375345,aluno3
8:17:33-aluno3-2017-06-19-08:17:36.png,0.0206625685,0.974615,0.00285458635,6.962051e-05,3.335418e-05,0.000246283453,2.26363682e-06,0.00151632831,aluno3
8:17:35-aluno3-2017-06-19-08:17:38.png,0.0229041,0.9344873,0.00764278276,0.000260084285,0.000136411138,0.000405950967,1.36900308e-05,0.0341497026,aluno3
8:17:37-aluno3-2017-06-19-08:17:40.png,0.01505862,0.9827769,0.00104368059,3.52798925e-05,2.07745434e-05,0.0004169695,5.054949e-06,0.000642742845,aluno3
8:17:39-aluno3-2017-06-19-08:17:41.png,0.0133500118,0.9795883,0.00504833,5.93489422e-05,3.6608064e-05,0.000262053683,3.12352745e-06,0.00165216951,aluno3
8:17:41-aluno3-2017-06-19-08:17:44.png,0.43030262,0.5555264,0.000164677549,9.234526e-05,1.9308387e-05,0.0117374444,0.00194418873,0.000213064282,aluno3
8:17:43-aluno3-2017-06-19-08:17:46.png,0.3105026,0.685390651,0.000424570026,0.0001762756,0.0003279653,0.000339380465,0.000446351478,0.00239224,aluno3
8:17:45-aluno3-2017-06-19-08:17:47.png,0.4089888,0.589383245,0.000157315953,8.639478e-05,0.0001504803,0.0005167241,0.000466339872,0.0002507145,aluno3
8:17:47-aluno3-2017-06-19-08:17:50.png,0.178735584,0.8134105,0.000403287064,0.000239108354,0.000200070412,0.002048637,0.00188194215,0.0030808812,aluno3
8:17:49-aluno3-2017-06-19-08:17:52.png,0.363905221,0.600391567,0.0065341033,0.00415478274,0.00474865874,0.004481898,0.00338263367,0.0124011571,aluno3
8:17:51-aluno3-2017-06-19-08:17:54.png,0.141600758,0.8461115,0.000305107853,0.000170117652,0.000665845058,0.008218166,0.00154770515,0.00138083589,aluno3
8:17:55-aluno3-2017-06-19-08:17:57.png,0.0146795344,0.900369644,0.000557778054,8.84330948e-05,0.000342488085,0.0107309818,0.0008487452,0.0723823756,aluno3
8:17:56-aluno3-2017-06-19-08:17:58.png,0.035597086,0.870003,0.0009378091,0.00022501107,0.0005845133,0.0363692753,0.00152822759,0.0547551066,aluno3
8:17:57-aluno3-2017-06-19-08:18:00.png,0.0279190075,0.827903867,0.000546678144,0.000177925787,0.00067392143,0.02765465,0.002070105,0.113053866,aluno3
8:17:59-aluno3-2017-06-19-08:18:02.png,0.0176597014,0.9343653,0.000401030644,5.62656824e-05,0.000302302418,0.0103445416,0.0008434265,0.0360274725,aluno3
8:18:01-aluno3-2017-06-19-08:18:04.png,0.3288979,0.625504851,6.49366848e-06,1.3684878e-06,4.303874e-06,0.0429113656,0.00239819963,0.0002754981,aluno3
8:18:03-aluno3-2017-06-19-08:18:06.png,0.0585776046,0.8783947,0.009234461,0.0005513851,8.576384e-05,0.000722914061,5.88095827e-05,0.05237434,aluno3
8:18:05-aluno3-2017-06-19-08:18:08.png,0.06397116,0.933573067,0.00134908617,0.0001252789,2.77854178e-05,0.000459844683,5.34756255e-05,0.000440286676,aluno3
8:18:07-aluno3-2017-06-19-08:18:10.png,0.2955953,0.6054325,0.006248333,0.0253390279,0.007941391,0.0233008135,0.0226676874,0.0134749087,aluno3
8:18:09-aluno3-2017-06-19-08:18:12.png,0.09305185,0.9047794,0.00100303208,3.96114447e-05,5.22278024e-05,0.0004812903,4.17938354e-05,0.0005508462,aluno3
8:18:11-aluno3-2017-06-19-08:18:14.png,0.0174138229,0.7622932,0.00167867716,0.004777894,0.0006736661,0.21061717,0.00037246116,0.00217307615,aluno3
8:18:15-aluno3-2017-06-19-08:18:18.png,0.234556139,0.7524481,0.00328704529,0.0008704804,0.000260410219,0.006031836,0.001017551,0.00152845471,aluno3
8:18:17-aluno3-2017-06-19-08:18:20.png,0.12254338,0.875062168,0.0010280417,9.05996349e-05,0.000112383983,0.000227349476,3.37473975e-05,0.0009023098,aluno3
8:18:19-aluno3-2017-06-19-08:18:22.png,0.02157086,0.8863654,0.00247564912,0.0007361045,0.0004526522,0.08360469,0.000558439351,0.00423615845,aluno3
8:18:21-aluno3-2017-06-19-08:18:24.png,0.009877571,0.9868637,0.00221836148,1.31577408e-05,5.041598e-05,0.000215731779,1.07924234e-05,0.0007503256,aluno3
8:18:23-aluno3-2017-06-19-08:18:26.png,0.04804593,0.94660753,0.00139222783,3.07437731e-05,0.00013226927,0.0007654198,4.1221796e-05,0.00298464368,aluno3
8:18:25-aluno3-2017-06-19-08:18:28.png,0.07097211,0.67566365,0.000369308982,0.004278015,0.0005084876,0.2420091,0.00571059762,0.0004887429,aluno3
8:18:27-aluno3-2017-06-19-08:18:30.png,0.0155549888,0.2786115,0.023629548,0.0009486948,8.534882e-05,0.00024171111,1.15857465e-05,0.6809166,aluno3
8:18:29-aluno3-2017-06-19-08:18:32.png,0.0311834831,0.9334183,0.00492465449,0.000259667635,0.000229656,0.0003033611,2.56194271e-05,0.02965526,aluno3
8:18:31-aluno3-2017-06-19-08:18:34.png,0.0172079746,0.9461945,0.00135032355,0.00305021531,0.0009333654,0.02985603,0.0005509887,0.0008565663,aluno3
8:18:33-aluno3-2017-06-19-08:18:36.png,0.00620039925,0.9926568,0.000681336271,3.30432267e-05,5.08804224e-05,0.000211148261,1.911089e-06,0.000164443365,aluno3
8:18:36-aluno3-2017-06-19-08:18:39.png,0.00253395457,0.995676637,0.00109241251,2.60836641e-05,6.113458e-05,0.000231734317,1.1101431e-06,0.0003769499,aluno3
8:18:39-aluno3-2017-06-19-08:18:41.png,0.0263355151,0.9673034,0.00238442281,0.0005318063,0.000255459046,0.00154814729,5.12436673e-05,0.00158998661,aluno3
8:18:40-aluno3-2017-06-19-08:18:42.png,0.0305565856,0.967004836,0.000573911,7.526452e-05,0.000123532431,0.00118865317,0.000126339917,0.0003509004,aluno3
8:18:41-aluno3-2017-06-19-08:18:43.png,0.0246920232,0.948963,0.013980614,0.0007408945,0.0008817139,0.00347817549,0.000273195357,0.006990417,aluno3
8:18:43-aluno3-2017-06-19-08:18:46.png,0.0465033278,0.9458389,0.001702061,0.000190252293,0.000244565716,0.00223126565,0.000283923146,0.00300565618,aluno3
8:18:45-aluno3-2017-06-19-08:18:48.png,0.0497168377,0.9438842,0.00356760551,0.000194472916,0.000360887963,0.0008260209,0.000137950614,0.0013120533,aluno3
8:18:47-aluno3-2017-06-19-08:18:50.png,0.00456437841,0.855094135,0.0002093877,0.0007659624,0.0149033088,0.122753367,0.00139467721,0.000314797333,aluno3
8:18:49-aluno3-2017-06-19-08:18:52.png,0.307168841,0.6597085,0.00303177047,0.0062507377,0.0033972552,0.0134717282,0.0066316775,0.000339473685,aluno3
8:18:51-aluno3-2017-06-19-08:18:54.png,0.152289629,0.844994366,0.000275177765,9.294768e-05,0.00121019,0.000769951148,0.000355634751,1.21310068e-05,aluno3
8:18:53-aluno3-2017-06-19-08:18:56.png,0.0292948186,0.968838036,0.00034982583,0.0003978612,0.0004197814,0.0006239496,3.1964395e-05,4.37374256e-05,aluno3
8:18:55-aluno3-2017-06-19-08:18:58.png,0.0901958,0.90593344,0.00143767439,0.000483464741,0.00012816528,0.0007800162,7.21799952e-05,0.000969247252,aluno3
8:18:57-aluno3-2017-06-19-08:19:00.png,0.326381564,0.668326735,0.00248670019,0.00063185714,0.0002959603,0.00101881847,0.0002953907,0.0005629842,aluno3
8:18:59-aluno3-2017-06-19-08:19:02.png,0.28246057,0.7060858,0.00522397645,0.000340612576,0.000180651783,0.00011790602,1.99581e-05,0.005570501,aluno3
8:19:01-aluno3-2017-06-19-08:19:04.png,0.103162117,0.8928649,0.00142244552,0.000187237369,9.721068e-05,0.000806621858,9.80622863e-05,0.00136143994,aluno3
8:19:03-aluno3-2017-06-19-08:19:06.png,0.127519667,0.8698388,0.000722620636,8.266888e-05,7.974061e-05,0.000460495823,0.000129634383,0.0011663991,aluno3
8:19:05-aluno3-2017-06-19-08:19:08.png,0.07156948,0.9216881,0.00251874584,0.000145652026,6.994821e-05,0.000269220734,2.91329034e-05,0.003709714,aluno3
8:19:07-aluno3-2017-06-19-08:19:10.png,0.126617372,0.8690404,0.0008176864,0.00011220335,7.478219e-05,0.000408528838,7.119683e-05,0.00285779173,aluno3
8:19:09-aluno3-2017-06-19-08:19:12.png,0.122681759,0.8729212,0.00078767864,0.000150707478,0.000102385,0.00115983607,0.000211415318,0.00198497716,aluno3
8:19:11-aluno3-2017-06-19-08:19:14.png,0.102133386,0.8934092,0.00128187309,0.000172545129,0.000106596781,0.000641856168,8.207583e-05,0.00217244844,aluno3
8:19:13-aluno3-2017-06-19-08:19:16.png,0.03065242,0.954525054,0.00631097471,0.00119778444,0.00095793244,0.00141409691,9.203244e-05,0.004849681,aluno3
8:19:15-aluno3-2017-06-19-08:19:18.png,0.142676026,0.570634961,0.206735641,0.006830251,0.001594726,0.00725389272,0.00035788567,0.06391659,aluno3
8:19:17-aluno3-2017-06-19-08:19:20.png,0.0462149531,0.94491607,0.00519369124,0.0005023202,0.000197792309,0.00172968,6.316446e-05,0.00118230307,aluno3
8:19:19-aluno3-2017-06-19-08:19:22.png,0.0228554,0.970092654,0.00303348573,0.000246712269,0.000108472523,0.00293020671,8.78470746e-05,0.000645239663,aluno3
8:19:21-aluno3-2017-06-19-08:19:24.png,0.0213531163,0.973931,0.001588583,0.000138705087,5.98642218e-05,0.00233800476,9.209523e-05,0.000498644251,aluno3
8:19:23-aluno3-2017-06-19-08:19:26.png,0.0216194075,0.97695595,0.000909894239,4.271359e-05,4.49309446e-05,0.0003516449,2.33860173e-05,5.208384e-05,aluno3
8:19:25-aluno3-2017-06-19-08:19:28.png,0.04471116,0.931177,0.00161012285,0.00124696246,0.000232189937,0.0189258847,0.0006809346,0.00141571555,aluno3
8:19:27-aluno3-2017-06-19-08:19:30.png,0.0442804657,0.9463203,0.003965751,0.0007870363,0.000236760956,0.003890233,7.032978e-05,0.000449138257,aluno3
8:19:31-aluno3-2017-06-19-08:19:33.png,0.06400083,0.932919,0.00149713969,0.0001568617,0.000196235211,0.000677966746,3.42994572e-05,0.000517672044,aluno3
8:19:31-aluno3-2017-06-19-08:19:34.png,0.0845023543,0.912541032,0.001526205,0.000128089057,0.000132722649,0.000656929857,3.79684934e-05,0.000474691071,aluno3
8:19:33-aluno3-2017-06-19-08:19:36.png,0.0113349715,0.9885398,8.992262e-05,1.44588216e-06,2.24516243e-05,8.700115e-06,8.508548e-07,1.86064028e-06,aluno3
8:19:35-aluno3-2017-06-19-08:19:38.png,0.0319610722,0.966261148,0.00107524951,7.711411e-06,1.25936067e-05,2.42404349e-05,1.93405685e-06,0.0006560406,aluno3
8:19:37-aluno3-2017-06-19-08:19:40.png,0.0107197352,0.9882276,0.0008453552,1.46270713e-05,3.08689027e-06,1.14986051e-05,4.76689848e-07,0.000177600756,aluno3
8:19:39-aluno3-2017-06-19-08:19:42.png,0.333371431,0.661879539,0.00150836562,8.357482e-05,6.796399e-05,0.00033311508,0.000107497384,0.002648504,aluno3
8:19:41-aluno3-2017-06-19-08:19:44.png,0.00162077008,0.975439,0.00161429727,3.39690851e-05,2.986967e-06,0.00165018858,5.767562e-07,0.0196382049,aluno3
8:19:43-aluno3-2017-06-19-08:19:46.png,0.0201896671,0.977753758,0.0009727819,6.44532338e-05,1.76323665e-05,0.0007630197,8.324811e-06,0.000230362886,aluno3
8:19:45-aluno3-2017-06-19-08:19:48.png,0.06802681,0.883265138,0.0362096168,0.000731506,0.000296006445,0.00018297715,9.329205e-06,0.011278606,aluno3
8:19:47-aluno3-2017-06-19-08:19:50.png,0.0257711988,0.9725268,0.001252853,1.69594914e-05,8.500372e-06,6.794512e-05,1.072833e-06,0.0003547097,aluno3
8:19:49-aluno3-2017-06-19-08:19:52.png,0.0144308787,0.9848281,0.000115987772,0.000116858682,9.1300506e-05,0.0003250024,4.090086e-05,5.09426427e-05,aluno3
8:19:51-aluno3-2017-06-19-08:19:54.png,0.005941955,0.9921244,0.000216758344,1.66715945e-05,2.85072274e-05,0.00130493578,1.53965157e-05,0.000351417053,aluno3
8:19:53-aluno3-2017-06-19-08:19:56.png,0.0269528162,0.937555969,0.00441438472,0.000176747228,0.00016943978,0.000123593432,7.723248e-06,0.0305993557,aluno3
8:19:55-aluno3-2017-06-19-08:19:58.png,0.00657243468,0.9837924,0.00558170956,0.000129094158,7.86784658e-05,0.0007092762,5.7463094e-06,0.00313061336,aluno3
8:19:57-aluno3-2017-06-19-08:20:00.png,0.0932369456,0.8515183,0.00105302152,0.005366751,0.00132244092,0.0432178937,0.002403073,0.00188161037,aluno3
8:19:59-aluno3-2017-06-19-08:20:02.png,0.00388111779,0.967556,0.007332031,7.32443441e-05,8.094137e-05,0.000142396442,2.87548028e-06,0.02093142,aluno3
8:20:01-aluno3-2017-06-19-08:20:04.png,0.00915279053,0.95727694,0.00335999276,0.000262058456,0.000317756116,0.00151917152,0.000104101957,0.0280071646,aluno3
8:20:03-aluno3-2017-06-19-08:20:06.png,0.152835771,0.8452883,0.0016577465,3.12192533e-05,7.158163e-05,3.2828324e-05,1.88233628e-06,8.068843e-05,aluno3
8:20:05-aluno3-2017-06-19-08:20:08.png,0.02715512,0.957290232,0.00170841615,0.0008847253,0.0001723303,0.0103587238,0.000132242159,0.00229823263,aluno3
8:20:07-aluno3-2017-06-19-08:20:10.png,0.0393917672,0.954925954,0.0031002555,0.000194615277,0.000166821788,0.000358209742,2.04258213e-05,0.00184193475,aluno3
8:20:09-aluno3-2017-06-19-08:20:12.png,0.0407665223,0.953980863,0.00208566478,0.000302191562,0.000220139627,0.00140157179,5.576766e-05,0.00118725456,aluno3
8:20:11-aluno3-2017-06-19-08:20:14.png,0.0112477355,0.988056,0.000491211,1.0788267e-05,2.33877272e-05,0.000122767044,2.60002184e-06,4.552273e-05,aluno3
8:20:13-aluno3-2017-06-19-08:20:16.png,0.03883402,0.9605076,0.0003880081,2.06212972e-05,4.9338636e-05,0.0001187371,7.228808e-06,7.449038e-05,aluno3
8:20:15-aluno3-2017-06-19-08:20:18.png,0.04110067,0.957987547,0.000477935566,3.00375741e-05,9.084647e-05,0.000164325771,1.74117577e-05,0.000131207,aluno3
8:20:17-aluno3-2017-06-19-08:20:20.png,0.0209104661,0.9781164,0.0005081696,2.28965127e-05,6.89073349e-05,0.000136909279,1.01276646e-05,0.000226148,aluno3
8:20:19-aluno3-2017-06-19-08:20:22.png,0.0354796126,0.9634187,0.0006769359,4.03259473e-05,7.68711761e-05,0.0001349996,9.410386e-06,0.000163143413,aluno3
8:20:21-aluno3-2017-06-19-08:20:24.png,0.0539028049,0.9454091,0.000380104873,2.48531942e-05,5.699086e-05,8.594922e-05,9.56736949e-06,0.000130626911,aluno3
8:20:23-aluno3-2017-06-19-08:20:26.png,0.029634526,0.969683349,0.000378509372,2.1731641e-05,4.91693754e-05,0.000119034892,9.74648447e-06,0.0001039501,aluno3
8:20:25-aluno3-2017-06-19-08:20:28.png,0.03351538,0.964904249,0.00103788928,4.52291933e-05,8.3261446e-05,0.000132154048,9.521673e-06,0.000272306381,aluno3
8:20:27-aluno3-2017-06-19-08:20:30.png,0.0330673754,0.958345354,0.00513394456,0.00021928332,0.0001148136,7.102622e-05,3.03880529e-06,0.00304518081,aluno3
8:20:29-aluno3-2017-06-19-08:20:31.png,0.04379691,0.95266,0.0005709264,0.00025171804,4.52024069e-05,0.001945235,3.310051e-05,0.0006969061,aluno3
8:20:31-aluno3-2017-06-19-08:20:34.png,0.0146628749,0.984573841,0.000413898466,3.97563272e-05,1.15509429e-05,0.000170009123,1.16452634e-06,0.000126916086,aluno3
8:20:33-aluno3-2017-06-19-08:20:36.png,0.0530159436,0.9449775,0.001111999,6.391544e-05,0.000126189218,0.000123014732,1.09028406e-05,0.0005704854,aluno3
8:20:35-aluno3-2017-06-19-08:20:38.png,0.0165901538,0.982310057,0.0007279993,2.256139e-05,3.8115526e-05,4.25322141e-05,1.70104192e-06,0.0002668986,aluno3
8:20:37-aluno3-2017-06-19-08:20:40.png,0.0489827879,0.9489872,0.00120237924,7.730383e-05,0.000108889726,0.000111517475,6.94350365e-06,0.0005229713,aluno3
8:20:39-aluno3-2017-06-19-08:20:41.png,0.0290082563,0.9684457,0.00115768181,6.52036542e-05,8.992571e-05,9.369218e-05,3.91579852e-06,0.00113559782,aluno3
8:20:41-aluno3-2017-06-19-08:20:44.png,0.07351121,0.914584,0.00108580675,0.000665208034,0.000202734635,0.00634365,0.000300105079,0.003307315,aluno3
8:20:43-aluno3-2017-06-19-08:20:46.png,0.0400760435,0.957994,0.00127922441,5.47663e-05,6.447843e-05,5.19123532e-05,3.29457248e-06,0.0004762948,aluno3
8:20:45-aluno3-2017-06-19-08:20:48.png,0.0236215945,0.975361466,0.0002682194,3.81865575e-05,6.25768444e-05,0.0003713389,2.32469138e-05,0.000253354781,aluno3
8:20:47-aluno3-2017-06-19-08:20:50.png,0.24722603,0.7478335,0.00133222621,0.000431005174,0.0003809866,0.000924739,0.000264175178,0.00160733028,aluno3
8:20:49-aluno3-2017-06-19-08:20:52.png,0.0230500866,0.9074075,0.0638069957,0.000358825,0.000186892037,0.00011934177,2.3376524e-06,0.005067983,aluno3
8:20:51-aluno3-2017-06-19-08:20:54.png,0.2375926,0.7455624,0.0019195911,0.000141895929,0.000145149563,0.002393065,0.000210446669,0.0120349061,aluno3
8:20:53-aluno3-2017-06-19-08:20:56.png,0.09869795,0.894770443,0.0002927838,3.9328148e-05,0.000108937427,0.00342184235,0.00060597,0.002062717,aluno3
8:20:55-aluno3-2017-06-19-08:20:58.png,0.192261264,0.800624251,0.00072164624,7.034207e-05,0.000222228322,0.002652269,0.00139940286,0.00204859232,aluno3
8:20:57-aluno3-2017-06-19-08:21:00.png,0.206147343,0.759925544,0.0161449667,0.00178138039,0.00249433774,0.0004149434,0.00018805,0.0129034156,aluno3
8:20:59-aluno3-2017-06-19-08:21:01.png,0.110004731,0.8892476,0.000367117522,6.113994e-05,2.61333589e-05,0.000120312769,6.125079e-06,0.00016684382,aluno3
8:21:01-aluno3-2017-06-19-08:21:04.png,0.0452799574,0.945933342,0.00675022369,0.000204083786,0.0005612334,0.00035356736,0.00013364754,0.000783956842,aluno3
8:21:03-aluno3-2017-06-19-08:21:06.png,0.3095729,0.6756131,0.0011341857,0.00270459079,0.000949171663,0.00742973154,0.00191720936,0.0006791049,aluno3
8:21:05-aluno3-2017-06-19-08:21:08.png,0.0696650445,0.9203889,0.00194650644,0.0005363281,0.000209042351,0.00104595767,5.52494275e-05,0.00615300657,aluno3
8:21:07-aluno3-2017-06-19-08:21:10.png,0.05111545,0.942724347,0.0009738789,0.0009827423,0.000372499257,0.002456133,0.0001247533,0.00125020859,aluno3
8:21:09-aluno3-2017-06-19-08:21:12.png,0.032033477,0.9654292,0.00120427378,0.0001341418,7.200349e-05,0.000196967609,7.21450442e-06,0.000922748353,aluno3
8:21:11-aluno3-2017-06-19-08:21:14.png,0.0465681329,0.9512496,0.0009889199,0.000116688432,6.312242e-05,0.000175615016,9.600757e-06,0.0008283422,aluno3
8:21:13-aluno3-2017-06-19-08:21:16.png,0.07141116,0.9139208,0.0009743292,0.00213856366,0.0005114786,0.008825838,0.0008100631,0.00140775181,aluno3
8:21:15-aluno3-2017-06-19-08:21:18.png,0.021999279,0.974572241,0.00117272371,0.000161894292,0.000104450286,0.000286003749,1.1129915e-05,0.00169228192,aluno3
8:21:17-aluno3-2017-06-19-08:21:20.png,0.0244282726,0.9729637,0.000913772,5.75574668e-05,4.85442033e-05,0.000135947339,6.1666783e-06,0.0014460599,aluno3
8:21:19-aluno3-2017-06-19-08:21:22.png,0.02629859,0.9722743,0.0003577215,5.8329857e-05,7.326747e-05,0.0004713816,2.90278931e-05,0.000437374256,aluno3
8:21:21-aluno3-2017-06-19-08:21:24.png,0.0283334721,0.924733937,0.0430034027,0.0003783534,0.0006808537,0.000172255488,2.98268824e-05,0.002667916,aluno3
8:21:23-aluno3-2017-06-19-08:21:26.png,0.0391034372,0.9569559,0.0004586266,0.000351718365,0.00107329083,0.001423923,0.0002898829,0.000343217776,aluno3
8:21:25-aluno3-2017-06-19-08:21:28.png,0.289903879,0.687649965,0.000905151654,0.0004621092,0.00130788982,0.006501089,0.008204474,0.00506545836,aluno3
8:21:27-aluno3-2017-06-19-08:21:30.png,0.0898909941,0.8832642,0.00156848645,0.000777151959,0.00172290823,0.00515953731,0.003881486,0.013735259,aluno3
8:21:29-aluno3-2017-06-19-08:21:32.png,0.06801533,0.885788262,0.00212875218,0.00110168906,0.00183655566,0.00202949,0.00115247676,0.0379474647,aluno3
8:21:31-aluno3-2017-06-19-08:21:34.png,0.218694448,0.7635567,0.0166265219,5.01024442e-05,0.000160990021,0.0004033956,0.000124415543,0.000383411854,aluno3
8:21:33-aluno3-2017-06-19-08:21:36.png,0.163379729,0.819526732,0.003223945,0.000703056052,0.00124589424,0.00291344454,0.00126647158,0.007740756,aluno3
8:21:35-aluno3-2017-06-19-08:21:38.png,0.03532178,0.868019938,0.0280873254,0.004077352,0.00274699717,0.00203185272,0.000257771928,0.0594569556,aluno3
8:21:37-aluno3-2017-06-19-08:21:40.png,0.0231796727,0.976227939,0.0002386419,3.158982e-05,4.74195876e-05,0.00015247117,5.610853e-06,0.000116669144,aluno3
8:21:39-aluno3-2017-06-19-08:21:42.png,0.01210655,0.980391264,0.00166707428,0.0005431681,0.000386832166,0.00275139417,8.526767e-05,0.00206846441,aluno3
8:21:41-aluno3-2017-06-19-08:21:44.png,0.0236557927,0.972460866,0.00208631158,0.000135363225,0.000230604739,0.000301445252,1.59593237e-05,0.00111366983,aluno3
8:21:43-aluno3-2017-06-19-08:21:46.png,0.04212051,0.934553444,0.007943783,0.000825354538,0.0006619803,0.000480176,6.103484e-05,0.0133537324,aluno3
8:21:45-aluno3-2017-06-19-08:21:48.png,0.00343678473,0.984408,0.00180008961,0.000510153768,0.00019748474,0.00705499947,2.23605348e-05,0.00257011317,aluno3
8:21:47-aluno3-2017-06-19-08:21:50.png,0.0710974038,0.9275526,0.0006914115,0.000230171,0.000199237445,0.0001105711,1.47851506e-05,0.000103850536,aluno3
8:21:49-aluno3-2017-06-19-08:21:51.png,0.0437302738,0.953376532,0.00203128671,4.626541e-05,0.000108645414,0.000160631229,8.003034e-06,0.0005383729,aluno3
8:21:51-aluno3-2017-06-19-08:21:54.png,0.0522900969,0.9463065,0.00056626217,6.493277e-05,8.85892e-05,0.000327012473,2.16396857e-05,0.0003349117,aluno3
8:21:53-aluno3-2017-06-19-08:21:56.png,0.0225872248,0.9704524,0.00240070978,0.000468825368,0.000200148352,0.00112042506,3.2446027e-05,0.00273779314,aluno3
8:22:02-aluno3-2017-06-19-08:22:05.png,0.173387289,0.8178134,0.00113350048,0.000240655863,0.00142730621,0.000790054561,0.0004783823,0.00472940924,aluno3
8:22:03-aluno3-2017-06-19-08:22:05.png,0.0547676347,0.933213949,0.006040338,0.000134431757,6.740418e-05,5.60477238e-05,2.6919638e-06,0.005717525,aluno3
8:22:05-aluno3-2017-06-19-08:22:08.png,0.09178494,0.8121012,0.00478641,0.0120806238,0.00155092916,0.0723051354,0.00256570429,0.00282504316,aluno3
8:22:07-aluno3-2017-06-19-08:22:10.png,0.0581014976,0.939839661,0.00123267784,6.528693e-05,0.0001258705,0.000196911016,1.80877e-05,0.0004199931,aluno3
8:22:09-aluno3-2017-06-19-08:22:12.png,0.0621196479,0.9295293,0.00128716615,5.24356728e-05,8.982179e-05,0.0061658537,0.000561421039,0.000194360822,aluno3
8:22:11-aluno3-2017-06-19-08:22:14.png,0.06744859,0.927899957,0.00292803161,0.000108025444,8.21485155e-05,4.601641e-05,2.71448266e-06,0.001484508,aluno3
8:22:13-aluno3-2017-06-19-08:22:16.png,0.07159422,0.9096553,0.00544909248,0.0002035811,0.000102096164,0.000140133037,1.00894149e-05,0.0128454808,aluno3
8:22:15-aluno3-2017-06-19-08:22:18.png,0.0476394,0.9409785,0.00574457,0.000448416773,0.0005200287,0.00139588793,0.000166933954,0.00310624484,aluno3
8:22:17-aluno3-2017-06-19-08:22:19.png,0.0230827872,0.9710995,0.000681314443,0.0004354096,6.56746051e-05,0.00274124416,5.31981059e-05,0.00184085127,aluno3
8:22:19-aluno3-2017-06-19-08:22:22.png,0.0400827341,0.890351653,0.00153617212,0.0030346266,0.0005344627,0.06079623,0.0005809488,0.00308318832,aluno3
8:22:21-aluno3-2017-06-19-08:22:24.png,0.126831368,0.8657933,0.00141566864,0.0005913238,0.000285960239,0.00260575581,0.000286723749,0.002189897,aluno3
8:22:23-aluno3-2017-06-19-08:22:26.png,0.155462638,0.84214884,0.0008641715,0.000181080424,0.000163240315,0.000415506453,8.32039e-05,0.00068130414,aluno3
8:22:25-aluno3-2017-06-19-08:22:28.png,0.07815342,0.919211,0.00092381984,0.000125416875,0.000129342268,0.000407584128,4.89293852e-05,0.00100054638,aluno3
8:22:27-aluno3-2017-06-19-08:22:30.png,0.00636754837,0.992267847,0.0007170785,4.15051763e-05,0.000105819126,0.000116507654,3.22818573e-06,0.000380489742,aluno3
8:22:30-aluno3-2017-06-19-08:22:33.png,0.03410613,0.964957237,0.000383689039,3.106413e-05,0.000116120747,0.000130191518,1.01448341e-05,0.000265443843,aluno3
8:22:32-aluno3-2017-06-19-08:22:35.png,0.0415746,0.951815,0.001724268,7.715195e-05,5.70382181e-05,9.823191e-05,5.649175e-06,0.00464803539,aluno3
8:22:33-aluno3-2017-06-19-08:22:36.png,0.0380216278,0.952796936,0.002266054,8.37261e-05,6.00891071e-05,6.716543e-05,4.56508e-06,0.00669981353,aluno3
8:22:37-aluno3-2017-06-19-08:22:40.png,0.0266083255,0.9696331,0.00198117271,0.000145218481,0.0006811802,0.000323366985,4.183377e-05,0.000585828,aluno3
8:22:39-aluno3-2017-06-19-08:22:42.png,0.0186602734,0.977336466,0.00186150649,0.0001471421,0.000258195621,0.0006801939,3.63534564e-05,0.00101985608,aluno3
8:22:41-aluno3-2017-06-19-08:22:44.png,0.00732638454,0.980684459,0.00777133647,9.13200856e-05,0.00020270914,0.000168327344,5.08163976e-06,0.003750397,aluno3
8:22:43-aluno3-2017-06-19-08:22:46.png,0.008140412,0.989631951,0.001408789,3.9791e-05,0.000194589171,0.000101205827,4.60493948e-06,0.0004786841,aluno3
8:22:45-aluno3-2017-06-19-08:22:48.png,0.0389531963,0.9584396,0.00141286943,0.000118575168,0.000326386478,0.000276203966,2.656581e-05,0.00044661804,aluno3
8:22:48-aluno3-2017-06-19-08:22:51.png,0.0224427246,0.9747007,0.00155836134,8.31290454e-05,0.0001398801,0.00010422225,3.87899763e-06,0.0009670864,aluno3
8:22:49-aluno3-2017-06-19-08:22:52.png,0.0130317742,0.967314065,0.00458463654,5.03882657e-05,6.369564e-05,8.58922e-05,1.504495e-06,0.0148680275,aluno3
8:22:54-aluno3-2017-06-19-08:22:56.png,0.137016773,0.8615253,0.00033279357,0.000131658759,0.0002542799,0.0004265809,9.59680256e-05,0.000216659915,aluno3
8:22:55-aluno3-2017-06-19-08:22:58.png,0.123129785,0.874742448,0.0007622464,0.000149508327,0.000268638832,0.0004731704,5.83633337e-05,0.000415864924,aluno3
8:23:17-aluno3-2017-06-19-08:23:20.png,0.04594329,0.952646,0.0006823467,4.44702e-05,9.139829e-05,0.000109101878,1.11368945e-05,0.000472237734,aluno3
8:23:20-aluno3-2017-06-19-08:23:23.png,0.09819034,0.9007604,0.000417283,3.797556e-05,0.000113734473,0.0001629255,2.750228e-05,0.000289853953,aluno3
8:23:23-aluno3-2017-06-19-08:23:25.png,0.280497253,0.7178627,0.000572428,0.0001612044,0.0002026141,0.0003248645,9.70987458e-05,0.00028184586,aluno3
8:23:24-aluno3-2017-06-19-08:23:26.png,0.152801633,0.845267951,0.000472757325,0.00015696339,0.0001463322,0.000648913439,7.594149e-05,0.000429518783,aluno3
8:23:25-aluno3-2017-06-19-08:23:28.png,0.175322533,0.823203,0.0004266029,0.000115073155,0.000128403743,0.000386338332,7.263458e-05,0.0003454136,aluno3
8:23:27-aluno3-2017-06-19-08:23:30.png,0.00382599933,0.9957761,0.000240968264,3.847692e-06,1.18434318e-05,0.000104328363,1.29116268e-06,3.5621546e-05,aluno3
8:23:29-aluno3-2017-06-19-08:23:32.png,0.004501219,0.9373387,0.0147536509,4.27626328e-05,8.096416e-05,0.000178750517,4.1893295e-06,0.0430997759,aluno3
8:23:31-aluno3-2017-06-19-08:23:34.png,0.0190103836,0.9804427,0.000236522828,1.78582341e-05,4.178158e-05,0.000114099988,3.391812e-06,0.000133236972,aluno3
8:23:33-aluno3-2017-06-19-08:23:36.png,0.06193233,0.9238126,0.000831546262,0.000470605271,0.0002616302,0.0106712952,0.0005925849,0.00142737047,aluno3
8:23:35-aluno3-2017-06-19-08:23:38.png,0.0333442837,0.965828,0.000356268982,1.84188266e-05,4.351937e-05,9.578229e-05,9.384763e-06,0.0003043386,aluno3
8:23:37-aluno3-2017-06-19-08:23:40.png,0.06314994,0.6175933,0.00126170879,0.00692506554,0.00109636621,0.305606365,0.00231123087,0.00205601985,aluno3
8:23:39-aluno3-2017-06-19-08:23:42.png,0.030586265,0.89140743,0.00148688513,0.00200000033,0.0003919242,0.06829246,0.000466688245,0.00536835566,aluno3
8:23:41-aluno3-2017-06-19-08:23:44.png,0.190231457,0.807235956,0.000737845548,0.0004694623,0.000270714867,0.000749939645,0.000180697883,0.000123895268,aluno3
8:23:43-aluno3-2017-06-19-08:23:46.png,0.0841091052,0.9126819,0.00162847724,0.000229929414,0.0001313238,0.000655960641,0.000114811046,0.000448521518,aluno3
8:23:45-aluno3-2017-06-19-08:23:48.png,0.0524597429,0.942348,0.00450800546,7.023508e-05,6.07806141e-05,1.62729266e-05,8.389596e-07,0.000536142848,aluno3
8:23:51-aluno3-2017-06-19-08:23:54.png,0.02717342,0.9617791,0.00458119623,7.829237e-05,5.360207e-05,4.57147653e-05,2.975924e-06,0.00628567347,aluno3
8:23:53-aluno3-2017-06-19-08:23:55.png,0.0255280416,0.963473856,0.001957412,0.000557158433,0.0001915298,0.00365498872,8.00098e-05,0.004556978,aluno3
8:23:55-aluno3-2017-06-19-08:23:58.png,0.003926231,0.71671325,0.009955485,0.0004455522,0.000105457773,0.0017083704,1.28181491e-05,0.267132819,aluno3
8:23:57-aluno3-2017-06-19-08:24:00.png,0.004493501,0.9854523,0.00327884243,2.033103e-05,2.18587811e-05,1.23319805e-05,1.78762278e-07,0.0067206556,aluno3
8:23:59-aluno3-2017-06-19-08:24:02.png,0.0145903882,0.91831857,0.0011872421,0.0011497864,0.000297465973,0.05096039,0.000261141948,0.0132350028,aluno3
8:24:01-aluno3-2017-06-19-08:24:04.png,0.100757442,0.894083,0.00124085019,0.000499319,0.000204920492,0.00144054019,0.000130475688,0.00164344558,aluno3
8:24:03-aluno3-2017-06-19-08:24:06.png,0.0249628536,0.967564762,0.0009248848,5.09223e-05,4.69501319e-05,0.000340449944,1.2106023e-05,0.00609707227,aluno3
8:24:05-aluno3-2017-06-19-08:24:07.png,0.00295637175,0.9966078,0.0002730485,8.506323e-06,3.02267381e-06,1.821564e-05,2.99314365e-07,0.000132748464,aluno3
8:24:07-aluno3-2017-06-19-08:24:09.png,7.72804e-09,7.976135e-06,9.90591e-08,4.25466453e-08,1.837419e-10,4.59637448e-07,3.766098e-11,0.9999914,aluno3
8:24:09-aluno3-2017-06-19-08:24:11.png,2.12935834e-06,6.184533e-06,7.409678e-08,4.28818225e-07,4.781655e-09,8.11202838e-08,8.718611e-10,0.9999911,aluno3
8:24:11-aluno3-2017-06-19-08:24:14.png,0.0576871634,0.8891128,0.018282406,0.001070355,0.000282894034,0.000376636861,5.243044e-05,0.0331353247,aluno3
8:24:13-aluno3-2017-06-19-08:24:16.png,0.00398743665,0.7015717,0.0162434615,1.92679563e-05,1.72464024e-05,4.617153e-06,3.31321218e-07,0.278155923,aluno3
8:24:15-aluno3-2017-06-19-08:24:18.png,0.006097053,0.753440857,0.06832614,0.000274805352,0.00015680652,6.108344e-05,2.03369655e-06,0.171641216,aluno3
8:24:17-aluno3-2017-06-19-08:24:19.png,0.09498092,0.9028657,0.00142565835,6.1067e-05,0.000183775934,0.000111947047,4.15802642e-05,0.000329323258,aluno3
8:24:19-aluno3-2017-06-19-08:24:22.png,0.0107927565,0.9714033,0.00377297984,5.63663125e-05,7.419521e-05,8.269973e-05,5.83178235e-06,0.0138118891,aluno3
8:24:21-aluno3-2017-06-19-08:24:24.png,0.00113936036,0.1767379,9.35593562e-05,1.8111615e-06,4.391373e-06,0.0058846036,4.22167032e-05,0.8160961,aluno3
8:24:23-aluno3-2017-06-19-08:24:26.png,0.0262021683,0.907044768,0.00232662167,0.00162536243,0.000586279435,0.00877984148,0.000149779749,0.0532851741,aluno3
8:24:25-aluno3-2017-06-19-08:24:28.png,0.0227127,0.94678,0.006945921,0.003264046,0.00292788446,0.00958992448,0.000484607765,0.00729487138,aluno3
8:24:27-aluno3-2017-06-19-08:24:30.png,0.0111221951,0.984226167,0.00320000434,6.308418e-05,7.93241561e-05,0.000113800772,2.7712922e-06,0.00119266787,aluno3
8:24:29-aluno3-2017-06-19-08:24:32.png,0.07332058,0.9236775,0.00112685771,6.083984e-05,6.717781e-05,0.000134102738,2.06735131e-05,0.00159227941,aluno3
8:24:31-aluno3-2017-06-19-08:24:34.png,0.0219218377,0.974581838,0.000237164757,0.000203147778,4.62632561e-05,0.00256588054,0.0001289863,0.0003148972,aluno3
8:24:33-aluno3-2017-06-19-08:24:36.png,0.0291000325,0.961561263,0.00103098247,0.0008794726,0.000339543854,0.00479058549,0.00021110884,0.002087028,aluno3
8:24:35-aluno3-2017-06-19-08:24:38.png,0.04921575,0.9326962,0.004270031,0.000186691832,0.000138261821,0.000109074528,9.044886e-06,0.0133749163,aluno3
8:24:37-aluno3-2017-06-19-08:24:39.png,0.0210490637,0.978011131,0.0008125913,1.06067109e-05,1.10075671e-05,9.089652e-06,1.44429933e-07,9.63676939e-05,aluno3
8:24:39-aluno3-2017-06-19-08:24:42.png,0.009706575,0.9852242,0.00169474422,7.70727e-05,3.49991642e-05,0.000341157982,3.49563174e-06,0.00291775749,aluno3
8:24:41-aluno3-2017-06-19-08:24:44.png,0.0232368261,0.971219242,0.00118964084,0.000304902729,0.0001904869,0.0020515474,3.93293667e-05,0.00176804187,aluno3
8:24:43-aluno3-2017-06-19-08:24:46.png,0.006277395,0.91307956,0.0006295557,0.00109938858,0.000369152025,0.0773196444,8.077841e-05,0.00114453165,aluno3
8:24:45-aluno3-2017-06-19-08:24:48.png,0.006248805,0.9929128,0.0006475827,7.736939e-06,1.79593e-05,1.28860775e-05,2.61584773e-07,0.000151962071,aluno3
8:24:47-aluno3-2017-06-19-08:24:50.png,0.0285770185,0.9578321,0.00523559377,0.000535691332,0.0003869303,0.00055243884,3.105017e-05,0.006849163,aluno3
8:24:49-aluno3-2017-06-19-08:24:51.png,0.01691009,0.970665753,0.000213059364,9.849167e-05,0.000165235353,0.0106802769,0.0004917206,0.00077534595,aluno3
8:24:51-aluno3-2017-06-19-08:24:53.png,0.003949506,0.994327247,0.000799677451,1.10034953e-05,2.6804888e-05,2.66710176e-05,6.14055239e-07,0.0008584901,aluno3
8:24:53-aluno3-2017-06-19-08:24:56.png,0.000779300462,0.9154341,0.00379772647,1.84525052e-05,2.4998737e-05,3.127433e-05,2.27237592e-07,0.07991388,aluno3
8:24:55-aluno3-2017-06-19-08:24:58.png,0.0010335691,0.991761446,0.00556285772,5.20502272e-06,9.706085e-06,2.72035186e-06,2.31231763e-08,0.00162449176,aluno3
8:24:57-aluno3-2017-06-19-08:25:00.png,0.00570636755,0.991437,0.00190614024,4.249409e-05,5.496753e-05,3.44519722e-05,6.71148143e-07,0.0008178903,aluno3
8:24:59-aluno3-2017-06-19-08:25:02.png,0.009255814,0.9885329,0.000475107925,8.87555361e-05,9.4075e-05,0.000433754816,8.614841e-06,0.00111099379,aluno3
8:25:01-aluno3-2017-06-19-08:25:04.png,0.05278328,0.792299151,0.02817332,0.00162676221,0.000323525368,0.009829521,0.0008240862,0.114140369,aluno3
8:25:03-aluno3-2017-06-19-08:25:06.png,0.0405260921,0.9395021,0.00318812253,0.0005935865,0.000239049681,0.0122427987,0.000308079645,0.00340016931,aluno3
8:25:05-aluno3-2017-06-19-08:25:08.png,0.0154154636,0.9840685,0.0004843071,6.53889674e-06,8.937032e-06,1.00234256e-05,1.64679534e-07,6.033435e-06,aluno3
8:25:07-aluno3-2017-06-19-08:25:10.png,0.00491894828,0.3466515,0.000423011283,0.00174086017,0.0002854093,0.6443761,0.00010920607,0.00149496435,aluno3
8:25:09-aluno3-2017-06-19-08:25:12.png,0.00689372141,0.9728458,0.0177914128,0.0004908362,0.00117026339,0.0002649252,6.52106e-06,0.0005365536,aluno3
8:25:11-aluno3-2017-06-19-08:25:13.png,0.01935237,0.9715823,0.00303445756,0.000328429771,5.648374e-05,0.00158016419,2.18281511e-05,0.00404399727,aluno3
8:25:13-aluno3-2017-06-19-08:25:16.png,0.08169902,0.641760051,0.000161940552,0.000171505235,9.652738e-05,0.2720749,0.00260028732,0.00143575482,aluno3
8:25:15-aluno3-2017-06-19-08:25:17.png,0.0126125524,0.9689785,0.007965698,0.0004839946,0.000538180931,0.000857751642,1.5669988e-05,0.008547641,aluno3
8:25:17-aluno3-2017-06-19-08:25:19.png,0.003346653,0.846028864,0.00752312876,0.0002369411,0.000196665,0.000960141537,1.08598933e-05,0.141696751,aluno3
8:25:19-aluno3-2017-06-19-08:25:22.png,0.259664774,0.6193741,0.000442822959,0.000117159281,0.000152587527,0.0618490763,0.0456383228,0.0127611607,aluno3
8:25:21-aluno3-2017-06-19-08:25:24.png,0.00428284658,0.9857497,0.00320475618,2.42372516e-05,2.895844e-05,2.63170168e-05,5.77353035e-07,0.00668261154,aluno3
8:25:23-aluno3-2017-06-19-08:25:26.png,0.09663667,0.901507735,0.0007325638,0.000166223166,0.000151264234,0.000394529547,4.25902581e-05,0.000368409615,aluno3
8:25:25-aluno3-2017-06-19-08:25:28.png,0.0344160125,0.9581677,0.0008729138,0.000532897655,0.000271534,0.004220912,0.000133708731,0.00138435,aluno3
8:25:27-aluno3-2017-06-19-08:25:30.png,0.0610101223,0.9171059,0.00113805837,0.00229333527,0.000529255369,0.0159620009,0.00043922363,0.00152210344,aluno3
8:25:29-aluno3-2017-06-19-08:25:32.png,0.006789854,0.99167484,0.00101109245,2.0553729e-05,2.4902909e-05,2.5778676e-05,2.69535661e-07,0.00045272446,aluno3
8:25:31-aluno3-2017-06-19-08:25:34.png,0.0212176833,0.459461,0.000419685239,0.0178742222,0.004304882,0.495660037,0.0006754093,0.00038706456,aluno3
8:25:33-aluno3-2017-06-19-08:25:36.png,0.00371150486,0.9926594,0.002167021,2.675319e-05,3.21285152e-05,1.65971178e-05,1.1802782e-07,0.00138649391,aluno3
8:25:35-aluno3-2017-06-19-08:25:38.png,0.0209219418,0.9768126,0.0005904308,0.000150719381,0.000266659,0.0006091626,2.47168664e-05,0.0006237727,aluno3
8:25:37-aluno3-2017-06-19-08:25:40.png,0.006692611,0.987470567,0.00419683754,6.91545e-05,0.000124854152,2.36737633e-05,3.3197432e-07,0.00142199872,aluno3
8:25:39-aluno3-2017-06-19-08:25:42.png,0.008072541,0.975119,0.007624422,0.000208963858,0.000304167072,0.000139119787,3.80317624e-06,0.008527962,aluno3
8:25:42-aluno3-2017-06-19-08:25:45.png,0.0104705738,0.987052143,0.00140909257,0.000121017823,0.000158780284,9.084412e-05,1.80194138e-06,0.0006957669,aluno3
8:25:43-aluno3-2017-06-19-08:25:46.png,0.0105784414,0.9865883,0.00139135821,0.000235575353,0.000174190092,0.0002591255,4.07785637e-06,0.000768926344,aluno3
8:25:45-aluno3-2017-06-19-08:25:48.png,0.1267006,0.47887516,0.00537264859,0.0023903863,0.000422985031,0.035242267,0.00157668116,0.349419266,aluno3
8:25:47-aluno3-2017-06-19-08:25:50.png,1.77920447e-06,0.000128280051,5.80355527e-06,1.36416929e-05,6.381713e-08,1.65845154e-06,4.301591e-09,0.9998488,aluno3
8:25:49-aluno3-2017-06-19-08:25:52.png,0.00180983276,0.3141839,0.005643414,0.000150632739,5.05980861e-05,0.000706198451,5.456792e-06,0.67745,aluno3
8:25:51-aluno3-2017-06-19-08:25:54.png,0.000461857358,0.5663155,0.003109756,2.97717143e-05,1.53401379e-05,0.000584407244,1.33766332e-06,0.429482073,aluno3
8:25:53-aluno3-2017-06-19-08:25:56.png,0.000756950059,0.9386073,0.00287751853,1.1691347e-05,1.94709119e-05,4.60095871e-05,3.059336e-07,0.05768076,aluno3
8:25:55-aluno3-2017-06-19-08:25:58.png,0.00592939928,0.6222295,0.0007577495,0.00669642352,0.003622437,0.3542788,0.000301172,0.006184503,aluno3
8:25:57-aluno3-2017-06-19-08:26:00.png,0.7176047,0.1904967,0.00761300372,0.0431983173,0.01317576,0.009810994,0.007027099,0.0110734534,aluno3
8:25:59-aluno3-2017-06-19-08:26:02.png,0.199593261,0.535814762,0.0695716739,0.0277373921,0.00288048573,0.128689274,0.015084751,0.020628402,aluno3
8:26:01-aluno3-2017-06-19-08:26:04.png,0.212100834,0.7046267,0.0301097054,0.0006190962,0.000134735354,0.0009768653,0.000237899279,0.05119416,aluno3
8:26:03-aluno3-2017-06-19-08:26:06.png,0.3106286,0.27000314,0.0622422472,0.004428817,0.000165323465,0.000101780977,7.10315362e-05,0.3523591,aluno3
8:26:06-aluno3-2017-06-19-08:26:10.png,0.18064332,0.809627354,0.00282372045,0.000610712566,0.00018869224,0.0010662612,0.0003674681,0.00467244349,aluno3
8:26:07-aluno3-2017-06-19-08:26:11.png,0.0753130838,0.915208042,0.00251902873,0.000131063352,3.54666881e-05,0.0003477886,5.79239822e-05,0.00638760952,aluno3
8:26:09-aluno3-2017-06-19-08:26:12.png,0.00716699939,0.988095641,0.00188961008,9.473318e-06,1.03337788e-05,1.37723218e-05,3.80861536e-07,0.00281380373,aluno3
8:26:11-aluno3-2017-06-19-08:26:14.png,0.00112268073,0.9937029,0.0013662756,6.8202753e-06,1.64914491e-05,4.07565967e-05,2.750173e-07,0.003743822,aluno3
8:26:13-aluno3-2017-06-19-08:26:16.png,0.0468899272,0.949682236,0.001436265,6.64961844e-05,8.599602e-05,0.0002930331,3.099836e-05,0.00151502609,aluno3
8:26:15-aluno3-2017-06-19-08:26:18.png,0.409549236,0.5835264,0.00332871918,0.00121221482,0.000639893464,0.000536556239,0.0002755998,0.000931432063,aluno3
8:26:17-aluno3-2017-06-19-08:26:20.png,0.03189082,0.9640546,0.00137369439,0.000162599579,0.000104363673,0.0005970537,2.18408768e-05,0.00179506943,aluno3
8:26:19-aluno3-2017-06-19-08:26:22.png,0.0264475942,0.9703377,0.00102490571,0.000102456317,0.000100414283,0.0008883635,3.582e-05,0.00106273522,aluno3
8:26:23-aluno3-2017-06-19-08:26:26.png,0.0960319042,0.87281543,0.00644866331,0.000708000269,0.000119874276,0.000513134233,4.09041277e-05,0.0233220924,aluno3
8:26:25-aluno3-2017-06-19-08:26:30.png,0.000150895,0.958020747,0.000102531551,1.27564359e-08,4.19856434e-08,4.1333e-07,6.69652056e-10,0.0417253561,aluno3
8:26:27-aluno3-2017-06-19-08:26:33.png,0.00722205127,0.990366042,0.0008485955,8.38889e-06,1.25674148e-06,8.80899242e-05,1.82646011e-06,0.001463724,aluno3
8:26:29-aluno3-2017-06-19-08:26:35.png,0.0346615128,0.9339729,0.00304638,0.0005243469,0.000172953791,0.0252858754,0.000122223428,0.00221382757,aluno3
8:26:31-aluno3-2017-06-19-08:26:34.png,0.007748635,0.9867575,0.0015844244,1.9528361e-05,3.070151e-05,0.000311694865,3.6373774e-06,0.00354385725,aluno3
8:26:33-aluno3-2017-06-19-08:26:36.png,0.0137651647,0.967626035,0.00188106485,0.001712997,0.00146506983,0.011867038,0.0002803499,0.00140226819,aluno3
8:26:35-aluno3-2017-06-19-08:26:38.png,0.026182279,0.9455674,0.00198721979,0.00226027053,0.0004327754,0.02127064,0.000202812618,0.0020965978,aluno3
8:26:37-aluno3-2017-06-19-08:26:40.png,0.0400004722,0.951777756,0.00229911925,0.000159606469,0.0001341693,0.00036400737,1.27092135e-05,0.005252167,aluno3
8:26:40-aluno3-2017-06-19-08:26:43.png,0.0882160142,0.735150635,0.00151078275,0.009328631,0.00109681732,0.160182327,0.002425354,0.00208941451,aluno3
8:26:41-aluno3-2017-06-19-08:26:43.png,0.0301078167,0.278838575,0.0001996748,0.0149468826,0.00201485446,0.672603965,0.00110562646,0.00018257639,aluno3
8:26:43-aluno3-2017-06-19-08:26:46.png,0.0465948358,0.475974917,0.00056430907,0.008038104,0.002843808,0.459455,0.005593756,0.0009352661,aluno3
8:26:45-aluno3-2017-06-19-08:26:48.png,0.31479618,0.663238764,0.009937866,0.000437486742,0.000510104,0.003283539,0.004051734,0.00374430185,aluno3
8:26:47-aluno3-2017-06-19-08:26:50.png,0.0310555082,0.936187148,0.0048660594,0.0007289458,0.00021398555,0.00154344016,0.000152192675,0.0252526924,aluno3
8:26:49-aluno3-2017-06-19-08:26:52.png,0.332878441,0.6568072,0.000398547127,0.000137943469,0.0001979695,0.0018360375,0.00362938223,0.004114512,aluno3
8:26:51-aluno3-2017-06-19-08:26:54.png,0.0177127551,0.924161,0.004321021,0.000480322284,0.0007223052,0.00185934862,0.000396647956,0.0503465645,aluno3
8:26:53-aluno3-2017-06-19-08:26:56.png,0.0276349075,0.9173733,0.00272045075,0.00037082535,0.000458551454,0.00179344823,0.000554132333,0.04909439,aluno3
8:26:55-aluno3-2017-06-19-08:26:58.png,0.0379924551,0.8855707,0.0020477816,0.00138876284,0.00139994873,0.0204724576,0.008405166,0.0427227467,aluno3
8:26:57-aluno3-2017-06-19-08:27:00.png,0.0190550312,0.9525377,0.004196047,0.000121147947,0.000153969828,0.000171803767,5.762468e-06,0.0237585343,aluno3
8:26:59-aluno3-2017-06-19-08:27:02.png,0.18946059,0.8052086,0.00271179923,0.0006778018,0.000272168458,0.0008190865,0.000125531951,0.000724391255,aluno3
8:27:01-aluno3-2017-06-19-08:27:04.png,0.0562007464,0.373749316,0.0009204013,0.0271477122,0.0115056923,0.5281674,0.00183459418,0.000474105182,aluno3
8:27:03-aluno3-2017-06-19-08:27:06.png,0.0606765039,0.934294164,0.003431567,0.000224124,0.0004919186,0.000176031725,2.26876964e-05,0.00068299775,aluno3
8:27:05-aluno3-2017-06-19-08:27:08.png,0.224573851,0.766946435,0.00185232167,0.0012837426,0.00043051198,0.00348253269,0.0003583073,0.0010722921,aluno3
8:27:10-aluno3-2017-06-19-08:27:13.png,0.292700827,0.698680639,0.0018771711,0.00140611187,0.000545363466,0.00350462017,0.000411675283,0.0008735736,aluno3
8:27:11-aluno3-2017-06-19-08:27:14.png,0.182431638,0.8138297,0.00135982409,0.000835178653,0.000388726185,0.0005942399,3.94508024e-05,0.000521239766,aluno3
8:27:13-aluno3-2017-06-19-08:27:16.png,0.103930868,0.887486756,0.00752714742,6.16071e-05,0.000239587811,0.0002585665,8.499096e-05,0.000410469482,aluno3
8:27:15-aluno3-2017-06-19-08:27:23.png,0.4638007,0.535536468,0.0004512941,1.32413552e-05,6.234469e-05,7.451272e-05,5.09201745e-05,1.05043855e-05,aluno3
8:27:17-aluno3-2017-06-19-08:27:24.png,0.162239045,0.8364602,0.000548785,6.512603e-06,8.91826348e-05,0.000169827734,0.000467336184,1.913204e-05,aluno3
8:27:19-aluno3-2017-06-19-08:27:24.png,0.21151872,0.786601961,0.0004921178,9.849093e-06,0.00016131482,0.0003037163,0.0008827651,2.955414e-05,aluno3
8:27:21-aluno3-2017-06-19-08:27:24.png,0.08022786,0.9139745,0.00129040913,2.58767814e-05,0.000218469184,0.00109544431,0.0031005356,6.689484e-05,aluno3
8:27:23-aluno3-2017-06-19-08:27:26.png,0.2458385,0.75307256,0.000406693085,1.77412239e-05,0.00012914151,0.000149414685,0.000340647763,4.52803069e-05,aluno3
8:27:25-aluno3-2017-06-19-08:27:28.png,0.07775322,0.92064786,0.00084070873,1.64823778e-05,0.000195491783,0.000198527545,0.0003061115,4.162435e-05,aluno3
8:27:28-aluno3-2017-06-19-08:27:30.png,0.07315798,0.922497034,0.001145716,0.0005130707,0.000186678037,0.00128346181,8.995534e-05,0.00112610473,aluno3
8:27:29-aluno3-2017-06-19-08:27:32.png,0.0144879175,0.980476439,0.00195031636,9.724084e-05,8.637355e-05,0.000202122217,6.93604443e-06,0.00269267661,aluno3
8:27:33-aluno3-2017-06-19-08:27:35.png,0.0005760013,0.9976163,0.00103446061,2.906313e-06,1.71848278e-05,7.116286e-05,2.03053915e-07,0.000681792444,aluno3
8:27:33-aluno3-2017-06-19-08:27:36.png,0.01176714,0.860915542,0.00140946743,0.0009552317,0.000391427078,0.120817579,0.000366701046,0.00337693444,aluno3
8:27:35-aluno3-2017-06-19-08:27:38.png,0.0371170342,0.923392,0.000354371528,0.000389691239,0.00134051777,0.0104055656,0.00702901045,0.0199718177,aluno3
8:27:37-aluno3-2017-06-19-08:27:40.png,0.24688375,0.691290855,0.000575587736,0.000332839438,0.000606139,0.0102763893,0.029763069,0.020271387,aluno3
8:27:39-aluno3-2017-06-19-08:27:42.png,0.0109021906,0.983025968,0.000223081239,2.9301209e-05,0.0002098194,0.00233522523,0.00151181815,0.00176257594,aluno3
8:27:41-aluno3-2017-06-19-08:27:44.png,0.017332226,0.9717224,0.000491946645,0.00012381433,0.000804525451,0.005316785,0.00316900457,0.00103926833,aluno3
8:27:43-aluno3-2017-06-19-08:27:46.png,0.0118384492,0.982752264,0.000188982944,3.709701e-05,0.000475283421,0.00279832049,0.00172925787,0.0001803501,aluno3
8:27:45-aluno3-2017-06-19-08:27:48.png,0.0185967237,0.97102344,0.00033079827,7.233389e-05,0.000566251168,0.00580973644,0.00308488635,0.0005158106,aluno3
8:27:47-aluno3-2017-06-19-08:27:50.png,0.0170760322,0.9758828,0.0002615643,5.921608e-05,0.000814284431,0.00305514131,0.00246938132,0.000381563,aluno3
8:27:49-aluno3-2017-06-19-08:27:52.png,0.09942432,0.82212317,0.000227945842,5.58894135e-05,0.0001096677,0.0460252129,0.01052298,0.0215107948,aluno3
8:27:51-aluno3-2017-06-19-08:27:54.png,0.0464172475,0.93699944,0.00100867462,0.000285085,0.0005427533,0.0030692846,0.00329247233,0.00838505,aluno3
8:27:53-aluno3-2017-06-19-08:27:56.png,0.3240368,0.6551594,0.0144399852,0.0001632776,0.00031539402,0.000781939947,0.00151582144,0.00358734885,aluno3
8:27:55-aluno3-2017-06-19-08:27:57.png,0.368119538,0.6214017,0.00310786651,0.000151494853,0.000404049468,0.000591713353,0.00109628809,0.00512729539,aluno3
8:27:57-aluno3-2017-06-19-08:28:00.png,0.521451235,0.469403058,0.00576768536,0.000183554672,0.0003986183,0.000437660463,0.00128751539,0.00107066345,aluno3
8:27:59-aluno3-2017-06-19-08:28:02.png,0.525382757,0.46735242,0.0046852245,0.000169396139,0.0005348702,0.000201823539,0.000764954253,0.000908554648,aluno3
8:28:01-aluno3-2017-06-19-08:28:04.png,0.158184022,0.825294554,0.000744237041,4.894387e-05,9.3425675e-05,0.00302205537,0.008775066,0.00383769046,aluno3
8:28:03-aluno3-2017-06-19-08:28:06.png,0.0151535328,0.975262165,0.003241832,0.000101626138,7.701549e-05,0.000390160247,1.70241983e-05,0.005756659,aluno3
8:28:05-aluno3-2017-06-19-08:28:08.png,0.00507054338,0.6984056,0.00221856846,0.000947203254,0.00012523387,0.192329526,9.03823748e-05,0.100812919,aluno3
8:28:07-aluno3-2017-06-19-08:28:10.png,0.0107276561,0.417179018,0.00239784014,0.00307847373,0.000756008434,0.558752656,0.000423611,0.00668474054,aluno3
8:28:09-aluno3-2017-06-19-08:28:11.png,0.0352880619,0.890119433,0.00748494873,0.000189789818,6.698436e-05,0.000532195438,1.95215016e-05,0.0662990957,aluno3
8:28:11-aluno3-2017-06-19-08:28:13.png,0.0007781038,0.98016715,0.00326182344,1.1036168e-05,6.82213977e-06,3.15081525e-05,2.08602231e-07,0.01574337,aluno3
8:28:15-aluno3-2017-06-19-08:28:17.png,0.0323333964,0.9659163,0.0009515638,4.790249e-05,5.29190547e-05,0.000130200046,4.342361e-06,0.0005634099,aluno3
8:28:17-aluno3-2017-06-19-08:28:20.png,0.150530353,0.846848369,0.000915259239,8.656757e-05,0.000179563009,0.0003378656,0.00011623239,0.0009858125,aluno3
8:28:19-aluno3-2017-06-19-08:28:21.png,0.0606097654,0.9380941,0.0005341809,0.000177503593,9.73238857e-05,0.000205426826,1.02018821e-05,0.000271534,aluno3
8:28:21-aluno3-2017-06-19-08:28:24.png,0.06377263,0.9323788,0.0016560792,0.000295720471,0.000292441371,0.000507363933,5.754022e-05,0.00103939651,aluno3
8:28:23-aluno3-2017-06-19-08:28:25.png,0.03986356,0.958735764,0.00086867885,4.453503e-05,0.000105040352,6.03340959e-05,7.978662e-06,0.000314124743,aluno3
8:28:25-aluno3-2017-06-19-08:28:27.png,0.07501163,0.919325233,0.00242904224,0.0001547306,9.19127851e-05,0.0001797877,8.074148e-06,0.00279958313,aluno3
8:28:27-aluno3-2017-06-19-08:28:30.png,0.292506546,0.7053345,0.0006587572,0.0003895429,0.0001472434,0.0004412138,7.91009e-05,0.000443129975,aluno3
8:28:29-aluno3-2017-06-19-08:28:32.png,0.0475309752,0.946460247,0.00143146852,0.00053199887,0.000965520041,0.00199944619,0.0004291773,0.000651181152,aluno3
8:28:31-aluno3-2017-06-19-08:28:34.png,0.00747006061,0.945507169,0.04126463,7.377337e-05,3.96577925e-05,2.4906838e-05,5.67875e-07,0.005619211,aluno3
8:28:33-aluno3-2017-06-19-08:28:36.png,0.185730651,0.8131692,0.0005181504,6.035737e-05,3.434949e-05,0.000126915256,1.64923549e-05,0.000343884458,aluno3
8:28:35-aluno3-2017-06-19-08:28:38.png,0.273665577,0.7254131,0.000444264238,7.721657e-05,4.80476629e-05,0.000134328307,2.00070244e-05,0.000197486544,aluno3
8:28:37-aluno3-2017-06-19-08:28:40.png,0.2322637,0.765675,0.0008103788,0.000130864239,5.035412e-05,0.000316405436,5.99405321e-05,0.000693356036,aluno3
8:28:39-aluno3-2017-06-19-08:28:41.png,0.104734771,0.8923042,0.000765613862,0.000248456054,9.036079e-05,0.000658147444,4.06656873e-05,0.00115778227,aluno3
8:28:41-aluno3-2017-06-19-08:28:43.png,0.34905985,0.6494058,0.0007140367,0.0001625498,8.284499e-05,0.000133765934,2.94119527e-05,0.000411785324,aluno3
8:28:43-aluno3-2017-06-19-08:28:45.png,0.007768006,0.9706296,0.003435565,1.42703157e-05,1.35734226e-05,2.5129304e-05,6.599414e-07,0.0181132127,aluno3
8:28:45-aluno3-2017-06-19-08:28:48.png,0.09459014,0.8966259,0.00444141449,0.000599251944,0.000748020539,0.0009081051,0.000242808281,0.00184438482,aluno3
8:28:47-aluno3-2017-06-19-08:28:50.png,0.006740525,0.9799974,0.00887194648,3.9542374e-05,0.0007575862,0.000644287036,6.517831e-05,0.0028835535,aluno3
8:28:49-aluno3-2017-06-19-08:28:52.png,0.07326917,0.92383486,0.00197499525,9.438462e-05,4.42961136e-05,0.000218876448,1.08433724e-05,0.0005525702,aluno3
8:28:53-aluno3-2017-06-19-08:28:55.png,0.0262316037,0.966650069,0.00247930922,0.0008340473,0.0002707843,0.002134141,8.59816937e-05,0.00131407671,aluno3
8:28:55-aluno3-2017-06-19-08:28:58.png,0.0336636342,0.9640554,0.0005038553,0.000157002258,0.000230861362,0.000716594164,5.987e-05,0.00061279285,aluno3
8:28:57-aluno3-2017-06-19-08:29:00.png,0.0269596446,0.965859354,0.00449441373,8.79573345e-05,8.021662e-05,9.79862161e-05,7.71144e-06,0.002412694,aluno3
8:28:59-aluno3-2017-06-19-08:29:02.png,0.09724929,0.9008962,0.000657218159,9.754098e-05,0.000135836148,0.000356574426,5.5175813e-05,0.0005521711,aluno3
8:29:01-aluno3-2017-06-19-08:29:03.png,0.173828989,0.8171093,0.0024045154,0.0005503269,0.000630977,0.003622862,0.000800310168,0.00105271849,aluno3
8:29:03-aluno3-2017-06-19-08:29:06.png,0.0139284777,0.9780339,0.003150994,9.258451e-05,0.000113753682,0.000567774463,2.29790385e-05,0.00408955151,aluno3
8:29:05-aluno3-2017-06-19-08:29:08.png,0.123729557,0.362666,0.00103091239,0.0287848469,0.009328376,0.46252948,0.0114791663,0.0004516747,aluno3
8:29:07-aluno3-2017-06-19-08:29:10.png,0.3262175,0.66918,0.00104145717,0.00114035991,0.000437511422,0.0006831567,0.000101642749,0.00119843322,aluno3
8:29:09-aluno3-2017-06-19-08:29:12.png,0.08730692,0.9039843,0.0009026752,0.00100076292,0.0005586832,0.00524700945,0.0006069969,0.000392667571,aluno3
8:29:11-aluno3-2017-06-19-08:29:14.png,0.061479792,0.937487543,0.000614968536,3.330343e-05,5.45963449e-05,0.00011258736,1.26862788e-05,0.000204533048,aluno3
8:29:13-aluno3-2017-06-19-08:29:16.png,0.185903937,0.683249533,0.0009450831,0.0106155183,0.00160854682,0.110692754,0.0061996174,0.0007850339,aluno3
8:29:15-aluno3-2017-06-19-08:29:18.png,0.04502819,0.3866486,0.0007105796,0.0261659324,0.008737291,0.528345644,0.0037082138,0.0006555506,aluno3
8:29:17-aluno3-2017-06-19-08:29:20.png,0.04765206,0.949786544,0.000603460532,0.000181674812,0.000456039241,0.0005541067,0.000106236912,0.000659858,aluno3
8:29:19-aluno3-2017-06-19-08:29:22.png,0.05947022,0.939121366,0.000189612023,0.000206908269,0.000256033236,0.000597581733,4.729522e-05,0.000110970977,aluno3
8:29:21-aluno3-2017-06-19-08:29:24.png,0.135465443,0.8599157,0.0008761825,0.0009296863,0.0006431181,0.00165344554,0.000242058246,0.000274377933,aluno3
8:29:23-aluno3-2017-06-19-08:29:26.png,0.2944465,0.7030481,0.00143002835,0.0002581314,0.000171824388,0.00033932933,0.0001561197,0.000149957676,aluno3
8:29:25-aluno3-2017-06-19-08:29:28.png,0.300308734,0.694418967,0.0014249183,0.0015909276,0.0006038676,0.00100882968,0.000294338621,0.000349421083,aluno3
8:29:27-aluno3-2017-06-19-08:29:30.png,0.186108738,0.8071484,0.000886849768,0.00109986716,0.0006090505,0.0032791656,0.000530420453,0.000337520556,aluno3
8:29:29-aluno3-2017-06-19-08:29:32.png,0.06419792,0.9335983,0.000891572738,0.000189255225,0.000264635921,0.000462585973,3.75712443e-05,0.000358158257,aluno3
8:29:31-aluno3-2017-06-19-08:29:34.png,0.105116859,0.892439842,0.00125112047,0.000266416522,0.00022851229,0.0003245486,3.432881e-05,0.000338361453,aluno3
8:29:33-aluno3-2017-06-19-08:29:36.png,0.00596199557,0.99031657,0.002084698,4.02127e-05,5.839909e-05,6.195776e-05,9.737503e-07,0.001475202,aluno3
8:29:35-aluno3-2017-06-19-08:29:38.png,0.02345477,0.9740149,0.00141556561,8.41787551e-05,0.000188811755,0.000180417832,1.044901e-05,0.0006509053,aluno3
8:29:37-aluno3-2017-06-19-08:29:40.png,0.0435559452,0.9531697,0.00116241036,0.0001655938,0.0004343569,0.000691906142,5.79871448e-05,0.0007620831,aluno3
8:29:39-aluno3-2017-06-19-08:29:42.png,0.07155139,0.9254728,0.00128925464,8.09133853e-05,3.67627326e-05,9.21688843e-05,4.990225e-06,0.00147169549,aluno3
8:29:41-aluno3-2017-06-19-08:29:44.png,0.163411781,0.300604969,0.00103547075,0.0278371777,0.008742732,0.4763354,0.0193267278,0.002705736,aluno3
8:29:43-aluno3-2017-06-19-08:29:46.png,0.0434714928,0.9531342,0.00115549914,0.0005015965,0.00053989247,0.0005560889,6.937446e-05,0.0005718532,aluno3
8:29:45-aluno3-2017-06-19-08:29:48.png,0.134596482,0.8423391,0.00328508834,0.00305015361,0.00106949219,0.008647571,0.00131840166,0.0056937,aluno3
8:29:47-aluno3-2017-06-19-08:29:50.png,0.370186061,0.6275417,0.0006318182,0.000242958879,0.000121745434,0.000713204267,0.0001821362,0.0003803408,aluno3
8:29:49-aluno3-2017-06-19-08:29:52.png,0.288499951,0.706504464,0.000974201364,0.000435946655,0.000385196618,0.00192929222,0.000578998,0.000691964757,aluno3
8:29:51-aluno3-2017-06-19-08:29:54.png,0.0179481562,0.969786644,0.004410865,0.000154501584,0.000189069091,0.000103351842,3.961076e-06,0.007403452,aluno3
8:29:53-aluno3-2017-06-19-08:29:55.png,0.0305969156,0.9631843,0.00328113465,9.301633e-05,9.403939e-05,4.73748078e-05,1.34782942e-06,0.00270187738,aluno3
8:29:55-aluno3-2017-06-19-08:29:58.png,0.00199799822,0.992902339,0.00143544981,1.17642448e-05,7.843555e-06,3.637589e-05,8.389357e-07,0.003607406,aluno3
8:29:57-aluno3-2017-06-19-08:30:00.png,0.03464845,0.8916373,0.0104151536,0.0181324873,0.0169441365,0.0203031246,0.00131523528,0.00660406239,aluno3
8:29:59-aluno3-2017-06-19-08:30:02.png,0.0276192781,0.970259547,0.001572381,4.37613053e-05,6.131395e-05,8.331629e-05,2.80495055e-06,0.000357622863,aluno3
8:30:01-aluno3-2017-06-19-08:30:04.png,0.118779719,0.876646936,0.0008653126,0.0003921985,0.000115004033,0.00227943854,0.000118906588,0.000802511931,aluno3
8:30:03-aluno3-2017-06-19-08:30:06.png,0.0843257755,0.9130264,0.00134258333,0.0001988156,0.000238868772,0.0002654552,2.760896e-05,0.000574520032,aluno3
8:30:05-aluno3-2017-06-19-08:30:08.png,0.114215128,0.4618715,0.00287372363,0.03637444,0.0079126535,0.364759237,0.01121771,0.0007756128,aluno3
8:30:08-aluno3-2017-06-19-08:30:10.png,0.164379492,0.833341837,0.00146514655,0.000133659778,0.000364636333,0.000179480543,8.283199e-05,5.28867349e-05,aluno3
8:30:09-aluno3-2017-06-19-08:30:12.png,0.148762569,0.8485768,0.00103005418,0.000201466333,0.000292840065,0.0007586427,0.00021440089,0.0001632486,aluno3
8:30:11-aluno3-2017-06-19-08:30:14.png,0.08028497,0.91839844,0.000752373366,6.176234e-05,9.45844149e-05,0.0002631711,3.31943374e-05,0.000111488924,aluno3
8:30:14-aluno3-2017-06-19-08:30:17.png,0.120602429,0.8767912,0.0008762055,0.000158025112,0.00029475207,0.0008985578,0.000225136377,0.000153747111,aluno3
8:30:15-aluno3-2017-06-19-08:30:18.png,0.07449571,0.91485256,0.00335568958,0.000912629941,0.000693597365,0.0024860336,0.000227396114,0.00297638029,aluno3
8:30:17-aluno3-2017-06-19-08:30:20.png,0.0577164441,0.9339842,0.004162668,0.0006385399,0.000485106139,0.00104181981,7.30557658e-05,0.00189815008,aluno3
8:30:19-aluno3-2017-06-19-08:30:22.png,0.07268206,0.669132054,0.230079085,0.00147594349,0.000525843468,4.125431e-05,3.45837657e-06,0.0260603018,aluno3
8:30:22-aluno3-2017-06-19-08:30:24.png,0.104263961,0.6846558,0.002178727,0.0437628627,0.00639661541,0.151796669,0.00658310857,0.0003622547,aluno3
8:30:23-aluno3-2017-06-19-08:30:26.png,0.06563802,0.928228,0.003267557,0.000188276972,0.000155776,9.749496e-05,1.02526346e-05,0.00241462677,aluno3
8:30:25-aluno3-2017-06-19-08:30:28.png,0.04196294,0.956651866,0.000703550933,0.000141281664,7.077418e-05,0.000110911016,8.864867e-06,0.0003498189,aluno3
8:30:27-aluno3-2017-06-19-08:30:29.png,0.00576411933,0.9939949,0.00019721211,5.00868146e-06,3.973886e-06,1.2760388e-05,5.10764153e-07,2.152208e-05,aluno3
8:30:29-aluno3-2017-06-19-08:30:32.png,0.0320138969,0.9492314,0.00290336949,0.00112731371,0.000460648938,0.00341699156,0.000150835913,0.0106955525,aluno3
8:30:31-aluno3-2017-06-19-08:30:33.png,0.179272458,0.7573754,0.0140181826,0.000908398535,0.0005819075,0.000324854132,0.000132573841,0.04738619,aluno3
8:30:33-aluno3-2017-06-19-08:30:36.png,0.0134329386,0.9813073,0.004396658,0.000134859118,6.805034e-05,6.352627e-05,3.406371e-06,0.000593253935,aluno3
8:30:35-aluno3-2017-06-19-08:30:38.png,0.1583269,0.821762443,0.00410447456,0.00217338721,0.00105224,0.00846611,0.0018057148,0.002308723,aluno3
8:30:37-aluno3-2017-06-19-08:30:40.png,0.0291644912,0.968085,0.0003215117,9.88579559e-05,2.2167811e-05,0.0017366244,0.00025454344,0.000316785619,aluno3
8:30:39-aluno3-2017-06-19-08:30:42.png,0.0837269351,0.914608061,0.0007891797,3.236766e-05,1.888828e-05,0.000108621811,1.556567e-05,0.000700361037,aluno3
8:30:41-aluno3-2017-06-19-08:30:44.png,0.0297043342,0.9691427,0.000625348766,0.000129571126,4.06116378e-05,0.000171168344,1.47409983e-05,0.000171572348,aluno3
8:30:43-aluno3-2017-06-19-08:30:46.png,0.0442700423,0.623118341,0.000796826556,0.007521476,0.000972954556,0.320802182,0.00118267431,0.00133550144,aluno3
8:30:45-aluno3-2017-06-19-08:30:48.png,0.0205954928,0.97260344,0.00420328975,0.000365171232,0.000107783315,0.000433663139,5.03670071e-06,0.00168614346,aluno3
8:30:47-aluno3-2017-06-19-08:30:50.png,0.0908251256,0.6093023,0.00299838558,0.00321426825,0.002337451,0.185333267,0.0169623569,0.08902688,aluno3
8:30:49-aluno3-2017-06-19-08:30:52.png,0.151944652,0.399702072,0.00108481047,9.043307e-05,7.050879e-05,0.00189728767,0.0008576828,0.444352567,aluno3
8:30:51-aluno3-2017-06-19-08:30:53.png,0.01899277,0.954777062,0.00183622492,0.00060657,0.000310798176,0.0218277555,0.000506270037,0.00114256528,aluno3
8:30:53-aluno3-2017-06-19-08:30:56.png,0.8107751,0.187926665,0.0005637246,0.00015906831,1.32876821e-05,0.0003699317,0.000117731382,7.4489144e-05,aluno3
8:30:55-aluno3-2017-06-19-08:30:57.png,0.5445691,0.4074035,0.00246053445,0.0001921149,0.000205014512,0.020044269,0.0216778163,0.00344769051,aluno3
8:30:57-aluno3-2017-06-19-08:31:00.png,0.468894124,0.493763,0.02550993,0.00268097362,0.001436365,0.003820602,0.00329861324,0.0005964174,aluno3
8:30:59-aluno3-2017-06-19-08:31:02.png,0.535747349,0.4581638,0.00134166307,0.0006403888,0.000230950813,0.00218689977,0.00156306336,0.000125867678,aluno3
8:31:01-aluno3-2017-06-19-08:31:04.png,0.0128955832,0.9851649,0.000620241859,6.357172e-05,4.17974079e-05,0.0009224846,2.34534673e-05,0.000268014235,aluno3
8:31:03-aluno3-2017-06-19-08:31:06.png,0.0954564,0.240765,0.00029090434,0.0260465238,0.00198017084,0.6343912,0.0009739565,9.584667e-05,aluno3
8:31:05-aluno3-2017-06-19-08:31:08.png,0.009980326,0.9889672,0.000395244424,1.68197275e-05,5.63597769e-06,0.0003036218,1.92785342e-06,0.000329215225,aluno3
8:31:07-aluno3-2017-06-19-08:31:10.png,0.0202256665,0.975737035,0.0009721586,0.000147438142,7.4057265e-05,0.002047707,4.277555e-05,0.0007531671,aluno3
8:31:09-aluno3-2017-06-19-08:31:12.png,0.03880463,0.9342619,0.00464581465,0.00118046079,0.00039072294,0.00153423043,9.53321942e-05,0.019086916,aluno3
8:31:11-aluno3-2017-06-19-08:31:14.png,0.06026509,0.9338826,0.00202256534,0.0003291724,0.000379076053,0.00139560271,0.0001101736,0.00161575619,aluno3
8:31:13-aluno3-2017-06-19-08:31:16.png,0.135835841,0.8254137,0.002789207,0.004280197,0.00131497241,0.0253804624,0.00307283341,0.00191280281,aluno3
8:31:15-aluno3-2017-06-19-08:31:18.png,0.176298261,0.771137834,0.000413280039,0.000306194823,0.000373685849,0.02068653,0.009425508,0.0213587061,aluno3
8:31:17-aluno3-2017-06-19-08:31:19.png,0.293744057,0.7006308,0.0001590792,0.000273471116,0.0005075468,0.00110771973,0.00261363015,0.00096374267,aluno3
8:31:19-aluno3-2017-06-19-08:31:22.png,0.0901768059,0.9058904,0.000381380232,0.000223442417,0.0007194275,0.000765008968,0.0004833611,0.00136015471,aluno3
8:31:21-aluno3-2017-06-19-08:31:24.png,0.506758749,0.41712594,0.00130001514,0.008471886,0.000842727139,0.0523247272,0.0129095856,0.000266400923,aluno3
8:31:23-aluno3-2017-06-19-08:31:26.png,0.0306554735,0.963320136,0.00406725,0.000280207,0.000390378729,0.000247427117,2.301422e-05,0.00101609225,aluno3
8:31:25-aluno3-2017-06-19-08:31:27.png,0.302676618,0.6812881,0.00537425047,0.004081498,0.00128632272,0.00276102638,0.00110662088,0.0014255346,aluno3
8:31:27-aluno3-2017-06-19-08:31:30.png,0.0449111,0.9493877,0.00249686674,0.000194954831,0.000328229915,0.000222807677,2.802624e-05,0.00243030582,aluno3
8:31:29-aluno3-2017-06-19-08:31:32.png,0.538436,0.455883473,0.00110002735,0.00115450425,0.0004396697,0.001828114,0.00106255722,9.5641095e-05,aluno3
8:31:31-aluno3-2017-06-19-08:31:34.png,0.01993953,0.9793838,0.00019237661,0.000102028287,6.581852e-05,0.000175713023,7.944664e-06,0.00013274599,aluno3
8:31:33-aluno3-2017-06-19-08:31:35.png,0.219203219,0.7792372,0.0003102769,0.000231150654,0.000267510623,0.0005422634,0.000116968862,9.141693e-05,aluno3
8:31:35-aluno3-2017-06-19-08:31:37.png,0.123789221,0.8747514,0.000480824267,0.000158509123,7.658979e-05,0.00025399786,2.97579973e-05,0.000459707953,aluno3
8:31:37-aluno3-2017-06-19-08:31:40.png,0.126405463,0.835897565,0.000579474145,0.000619700237,0.00217060372,0.0140431756,0.0056061307,0.0146778757,aluno3
8:31:39-aluno3-2017-06-19-08:31:42.png,0.852911353,0.125373378,8.77105049e-05,8.533848e-05,1.923212e-05,0.0135938376,0.006840543,0.00108860433,aluno3
8:31:41-aluno3-2017-06-19-08:31:44.png,0.855000734,0.1401173,0.000725477061,0.00226480467,0.0004078159,0.000614188961,0.0008658034,3.86360944e-06,aluno3
8:31:43-aluno3-2017-06-19-08:31:46.png,0.459099472,0.3666311,0.002285145,0.0610115454,0.005347133,0.09304002,0.0124927387,9.28753361e-05,aluno3
8:31:46-aluno3-2017-06-19-08:31:48.png,0.5549555,0.440162957,0.00103841559,0.00104890007,0.0012269388,0.0008658135,0.0006235436,7.795741e-05,aluno3
8:31:47-aluno3-2017-06-19-08:31:50.png,0.425088823,0.5345601,0.003298251,0.0129775824,0.005082249,0.0144568849,0.003945269,0.0005908506,aluno3
8:31:49-aluno3-2017-06-19-08:31:52.png,0.287673444,0.7094731,0.0011879052,0.000351845374,0.000217649314,0.000377560646,7.428317e-05,0.0006442694,aluno3
8:31:52-aluno3-2017-06-19-08:31:54.png,0.363116,0.6313354,0.0008983518,0.000910693954,0.0005695185,0.002127,0.000482098316,0.000560938148,aluno3
8:31:53-aluno3-2017-06-19-08:31:56.png,0.2501286,0.7461986,0.000705103,0.000381102931,0.000371588685,0.00140788464,0.000315883342,0.000491262937,aluno3
8:31:55-aluno3-2017-06-19-08:31:58.png,0.283511728,0.7132495,0.0008448374,0.0004083536,0.000238370063,0.000845875766,0.000187276964,0.0007140318,aluno3
8:31:57-aluno3-2017-06-19-08:32:00.png,0.296637237,0.699174464,0.0009438324,0.000638322032,0.0004471506,0.0012832802,0.000257149484,0.0006185461,aluno3
8:31:59-aluno3-2017-06-19-08:32:02.png,0.2545239,0.7421652,0.000939850754,0.00049863616,0.0003883064,0.000902045867,0.00018522967,0.0003968156,aluno3
8:32:01-aluno3-2017-06-19-08:32:04.png,0.4547803,0.5251885,0.0132964524,0.00229554949,0.00248487783,0.000916499353,0.0004066654,0.0006311449,aluno3
8:32:03-aluno3-2017-06-19-08:32:06.png,0.26126346,0.734585643,0.001966561,0.000820613641,0.0004462433,0.000445037178,0.000108480155,0.000363927073,aluno3
8:32:05-aluno3-2017-06-19-08:32:07.png,0.224740952,0.763112366,0.00227917032,0.002785035,0.001821037,0.003917765,0.000651218346,0.000692441245,aluno3
8:32:07-aluno3-2017-06-19-08:32:10.png,0.326205552,0.6716002,0.0007606247,0.000338034122,0.000224167947,0.000445651356,0.000107321495,0.000318439823,aluno3
8:32:10-aluno3-2017-06-19-08:32:13.png,0.392932624,0.6046907,0.000567142968,0.0004065328,0.000225639931,0.000780320843,0.000184710734,0.000212355561,aluno3
8:32:11-aluno3-2017-06-19-08:32:13.png,0.291852653,0.7059652,0.0006210672,0.000330453971,0.000377201737,0.000444679521,0.000118128075,0.000290588534,aluno3
8:32:13-aluno3-2017-06-19-08:32:16.png,0.262201518,0.7347952,0.00114292337,0.000381905178,0.000451009051,0.000479683833,0.000163588789,0.0003841436,aluno3
8:32:15-aluno3-2017-06-19-08:32:18.png,0.292857319,0.704788268,0.000605459732,0.000375846721,0.000413293426,0.0004831567,0.000147338171,0.000329300179,aluno3
8:32:18-aluno3-2017-06-19-08:32:20.png,0.263846129,0.7321556,0.000638833444,0.000483627,0.0006028716,0.00137513911,0.00036927106,0.0005285187,aluno3
8:32:20-aluno3-2017-06-19-08:32:23.png,0.457326055,0.476832449,0.004914571,0.009350084,0.004873722,0.0184463561,0.0196049064,0.008651852,aluno3
8:32:21-aluno3-2017-06-19-08:32:24.png,0.435405135,0.5457653,0.00129510509,0.000107196756,0.00025306156,0.0019987314,0.00369591173,0.0114795715,aluno3
8:32:23-aluno3-2017-06-19-08:32:25.png,0.2628038,0.7122198,0.0003645544,0.0003750935,0.000449543382,0.01640509,0.005261635,0.00212051882,aluno3
8:32:27-aluno3-2017-06-19-08:32:29.png,0.28184104,0.681400955,0.00219599763,0.00183828559,0.0004877438,0.0267164726,0.004328052,0.00119143969,aluno3
8:32:29-aluno3-2017-06-19-08:32:32.png,0.300823063,0.6961724,0.00131781551,0.00028031168,0.000159355885,0.00073695113,0.000165914214,0.000344199856,aluno3
8:32:31-aluno3-2017-06-19-08:32:34.png,0.29665193,0.6967795,0.00162621762,0.000716354058,0.000380042271,0.00224637287,0.000489487546,0.00111012475,aluno3
8:32:33-aluno3-2017-06-19-08:32:35.png,0.4496134,0.527604,0.00163214013,0.00209620921,0.00046541373,0.0141691072,0.00371715962,0.000702598947,aluno3
8:32:35-aluno3-2017-06-19-08:32:38.png,0.461384237,0.5079275,0.0174102485,0.00304801064,0.0006336151,0.00356230652,0.0009494425,0.00508469762,aluno3
8:32:37-aluno3-2017-06-19-08:32:39.png,0.200592026,0.746763945,0.04617772,0.00050575455,0.000289935037,4.44568723e-05,8.20192054e-06,0.005617947,aluno3
8:32:39-aluno3-2017-06-19-08:32:41.png,0.4969799,0.499006867,0.00235025468,0.00050165283,0.000270444929,0.000395858049,0.000123219361,0.000371831673,aluno3
8:32:41-aluno3-2017-06-19-08:32:44.png,0.29607442,0.7002319,0.00172166852,0.000417479867,0.000374933821,0.000529723649,0.000123692182,0.000526167,aluno3
8:32:43-aluno3-2017-06-19-08:32:46.png,0.5738432,0.421072036,0.00236359518,0.00106678728,0.000589385454,0.000501419941,0.000205968463,0.000357652869,aluno3
8:32:45-aluno3-2017-06-19-08:32:48.png,0.3345073,0.358728528,0.00121531,0.027017694,0.00374363223,0.251720846,0.022805009,0.00026169818,aluno3
8:32:47-aluno3-2017-06-19-08:32:50.png,0.0426006131,0.9545052,0.00154648116,0.000196212917,7.57679663e-05,0.000292132318,1.69286413e-05,0.0007666786,aluno3
8:32:49-aluno3-2017-06-19-08:32:52.png,0.149819881,0.8473995,0.000814106839,0.000194907334,0.0001384884,0.00125558791,0.000166259,0.000211295279,aluno3
8:32:51-aluno3-2017-06-19-08:32:53.png,0.08038874,0.916761637,0.00199364615,9.46165746e-05,9.57987359e-05,0.0001337286,1.38968171e-05,0.0005179611,aluno3
8:32:53-aluno3-2017-06-19-08:32:56.png,0.4302162,0.5462821,0.0140261734,0.00118300528,0.00140804716,0.003903525,0.00130187441,0.00167906133,aluno3
8:32:55-aluno3-2017-06-19-08:32:58.png,0.2848809,0.714392364,0.000210792976,4.90192251e-05,2.15224027e-05,0.000240744615,7.359439e-06,0.000197264337,aluno3
8:32:57-aluno3-2017-06-19-08:33:00.png,0.09926677,0.846332669,0.00144371972,0.00447313255,0.00130001025,0.040590506,0.00268982025,0.003903348,aluno3
8:32:59-aluno3-2017-06-19-08:33:02.png,0.00566862058,0.392917633,0.00114864146,0.0112089366,0.00580234,0.5755764,0.000268329954,0.007409093,aluno3
8:33:01-aluno3-2017-06-19-08:33:04.png,0.369054317,0.6115994,0.000145899219,7.34687346e-05,4.64344448e-05,0.000353700452,2.47163371e-05,0.01870211,aluno3
8:33:03-aluno3-2017-06-19-08:33:06.png,0.0253361557,0.9058144,0.00136991171,0.000123732825,0.0005420625,0.01132052,0.00198938139,0.05350381,aluno3
8:33:05-aluno3-2017-06-19-08:33:07.png,0.392281532,0.593715847,0.0003012091,2.62355588e-05,4.57735623e-05,0.00707778055,0.003855436,0.00269616279,aluno3
8:33:07-aluno3-2017-06-19-08:33:10.png,0.586368859,0.395568818,3.848663e-05,2.644842e-05,3.607948e-05,0.009574522,0.0066983304,0.00168845709,aluno3
8:33:09-aluno3-2017-06-19-08:33:11.png,0.05700253,0.9335469,2.04177886e-05,4.735826e-06,5.09605925e-05,0.003343796,0.00544206,0.000588595052,aluno3
8:33:11-aluno3-2017-06-19-08:33:14.png,0.429037184,0.412108272,0.000153911009,7.898609e-05,0.000110820736,0.0825557038,0.06932813,0.006626989,aluno3
8:33:13-aluno3-2017-06-19-08:33:16.png,0.118526749,0.8537158,0.000129501132,1.82752265e-05,0.000181610521,0.00661811372,0.0196482837,0.00116170279,aluno3
8:33:15-aluno3-2017-06-19-08:33:18.png,0.0500352122,0.948412359,0.00084605423,4.26564147e-05,9.82014462e-05,0.00011076458,1.0306524e-05,0.00044443665,aluno3
8:33:17-aluno3-2017-06-19-08:33:20.png,0.0154039916,0.983131766,0.0006612206,1.8371933e-05,6.485127e-05,5.480569e-05,4.15023351e-06,0.000660868769,aluno3
8:33:19-aluno3-2017-06-19-08:33:22.png,0.0544972755,0.944751143,0.00040068393,2.10780527e-05,6.409873e-05,5.88367948e-05,8.416476e-06,0.000198474037,aluno3
8:33:21-aluno3-2017-06-19-08:33:23.png,0.05411329,0.9448922,0.000345619919,3.122408e-05,0.000107718617,0.0001959388,2.72023572e-05,0.0002867679,aluno3
8:33:23-aluno3-2017-06-19-08:33:26.png,0.202249482,0.786739767,0.000190421619,6.5361e-05,0.000693887938,0.00336168963,0.00543672871,0.00126264046,aluno3
8:33:25-aluno3-2017-06-19-08:33:28.png,0.480496675,0.505826533,0.000797902641,0.0003232287,0.0004890089,0.002858672,0.00293709384,0.006270893,aluno3
8:33:27-aluno3-2017-06-19-08:33:30.png,0.215880513,0.7783733,0.000267919851,7.31280961e-05,0.000426157378,0.0016163399,0.00130216626,0.002060449,aluno3
8:33:29-aluno3-2017-06-19-08:33:32.png,0.2505279,0.737275541,0.0008836264,0.0002545873,0.00120523584,0.00289390818,0.004357017,0.002602185,aluno3
8:33:31-aluno3-2017-06-19-08:33:33.png,0.6554823,0.337753654,0.000173393637,0.000200405266,0.000258408,0.001263695,0.00290175,0.00196643546,aluno3
8:33:33-aluno3-2017-06-19-08:33:36.png,0.7987168,0.200020924,0.000105426385,0.000201446412,1.00567813e-05,0.0008420203,8.08279656e-05,2.25117e-05,aluno3
8:33:41-aluno3-2017-06-19-08:33:44.png,0.04403586,0.9546912,0.000729911437,1.24275484e-05,5.1696037e-07,3.4591063e-05,2.49856527e-07,0.000495283632,aluno3
8:33:43-aluno3-2017-06-19-08:33:46.png,0.415103734,0.5828249,0.00169480732,5.47975542e-05,3.52634743e-05,5.866441e-05,1.92481912e-05,0.000208625846,aluno3
8:33:45-aluno3-2017-06-19-08:33:47.png,0.126401946,0.863527954,0.0002422988,9.74301947e-05,0.000144570673,0.00619028276,0.00298445183,0.000411076,aluno3
8:33:47-aluno3-2017-06-19-08:33:50.png,0.301809818,0.691216,0.000195569111,9.811088e-05,0.000140505188,0.00340268156,0.00289915944,0.000238177308,aluno3
8:33:51-aluno3-2017-06-19-08:33:53.png,0.15608409,0.841984451,0.0009565947,4.68327053e-05,8.585525e-05,0.00027382077,8.232277e-05,0.000486014556,aluno3
8:33:51-aluno3-2017-06-19-08:33:54.png,0.09178882,0.9034186,0.002220202,0.000132771631,0.000208685946,0.0008421425,0.00023976808,0.00114902575,aluno3
8:33:53-aluno3-2017-06-19-08:33:56.png,0.292018235,0.6843493,0.00141954771,0.0006890963,0.000536990759,0.0034961307,0.00216744561,0.0153232655,aluno3
8:33:55-aluno3-2017-06-19-08:33:58.png,0.185932234,0.743089437,0.000927078945,0.0005730637,0.0004800645,0.005238169,0.0011017191,0.06265821,aluno3
8:33:57-aluno3-2017-06-19-08:34:00.png,0.0375309438,0.9510282,0.0002968265,4.647786e-05,0.000246097072,0.00198746682,0.000668825931,0.008195124,aluno3
8:33:59-aluno3-2017-06-19-08:34:02.png,0.06370556,0.920548,0.000133470836,0.000110639812,0.000210816623,0.008500931,0.0004467996,0.00634376239,aluno3
8:34:01-aluno3-2017-06-19-08:34:04.png,0.0490260459,0.5884632,0.000847452,0.0002834513,0.0003599226,0.01282464,0.0009635538,0.347231716,aluno3
8:34:03-aluno3-2017-06-19-08:34:05.png,0.008512954,0.874420464,0.0146456994,0.000185446275,5.57256935e-05,7.87193349e-05,1.87289527e-06,0.102099113,aluno3
8:34:05-aluno3-2017-06-19-08:34:08.png,0.0144065274,0.9407258,0.0271008722,0.000114620845,8.89657749e-05,7.42304037e-05,1.88543424e-06,0.0174870957,aluno3
8:34:07-aluno3-2017-06-19-08:34:10.png,0.0243804678,0.9735336,0.000969206856,4.949882e-05,8.36431354e-05,0.0002798555,2.176342e-05,0.000681979465,aluno3
8:34:09-aluno3-2017-06-19-08:34:11.png,0.0332114734,0.963041246,0.001603086,0.000117024116,0.000152817564,0.000449742161,3.63428662e-05,0.00138828438,aluno3
8:34:11-aluno3-2017-06-19-08:34:14.png,0.0320153,0.966419339,0.000671505753,6.926125e-05,0.000134485454,0.000191542713,1.36304434e-05,0.0004849385,aluno3
8:34:13-aluno3-2017-06-19-08:34:16.png,0.0302405376,0.965338945,0.002197849,7.031299e-05,6.573146e-05,7.02725e-05,2.21764549e-06,0.00201414572,aluno3
8:34:15-aluno3-2017-06-19-08:34:18.png,0.0344471149,0.96043855,0.00418852456,0.000166005222,0.000393250928,0.000106429325,5.370435e-06,0.000254777522,aluno3
8:34:17-aluno3-2017-06-19-08:34:20.png,0.108819626,0.8801685,0.003931337,0.00178414548,0.0013025779,0.001206884,0.000129238877,0.002657677,aluno3
8:34:19-aluno3-2017-06-19-08:34:22.png,0.0605090037,0.9144132,0.004431176,0.00506501831,0.00284824986,0.0113884583,0.0003184519,0.001026451,aluno3
8:34:21-aluno3-2017-06-19-08:34:24.png,0.0910699442,0.906557,0.00104366906,0.000131330264,0.000196886263,0.000278486317,3.639613e-05,0.000686244457,aluno3
8:34:23-aluno3-2017-06-19-08:34:26.png,0.150322229,0.8471927,0.00109898089,0.000198170121,0.000246605079,0.00043923888,5.283264e-05,0.000449253072,aluno3
8:34:25-aluno3-2017-06-19-08:34:28.png,0.0922901,0.895281732,0.0025070284,0.00100435084,0.0005930866,0.00620629825,0.000496836146,0.00162053737,aluno3
8:34:27-aluno3-2017-06-19-08:34:30.png,0.05044707,0.937025,0.0047880467,0.000665402331,0.0008808543,0.00185461517,0.00024133359,0.00409764843,aluno3
8:34:29-aluno3-2017-06-19-08:34:32.png,0.09015398,0.9068045,0.000549943,0.0002744443,0.000315107172,0.00107564416,0.0001497882,0.0006766196,aluno3
8:34:31-aluno3-2017-06-19-08:34:34.png,0.07549383,0.919711,0.002093278,0.00044483284,0.00043855657,0.00119006436,6.832501e-05,0.0005601483,aluno3
8:34:33-aluno3-2017-06-19-08:34:35.png,0.04979977,0.938518,0.00133254565,0.000568425341,0.000240733731,0.00696456945,0.000295671838,0.00228028325,aluno3
8:34:35-aluno3-2017-06-19-08:34:38.png,0.030699905,0.9510315,0.006262759,0.0001257926,0.000176962771,4.40191943e-05,3.47883088e-06,0.0116555924,aluno3
8:34:37-aluno3-2017-06-19-08:34:40.png,0.06118275,0.691168,0.000645632739,0.0109391669,0.003753721,0.228177041,0.003731175,0.00040252367,aluno3
8:34:39-aluno3-2017-06-19-08:34:42.png,0.0314767435,0.954397142,0.00302041438,0.0007135663,0.0003918315,0.006949839,0.000350605667,0.00269987062,aluno3
8:34:43-aluno3-2017-06-19-08:34:46.png,0.116632484,0.881400049,0.000936205266,0.000100134828,0.000192397434,0.000249650329,5.5456876e-05,0.000433602429,aluno3
8:34:44-aluno3-2017-06-19-08:34:46.png,0.113634154,0.884457648,0.0007956984,0.000104648396,0.000176534653,0.0002792791,6.260938e-05,0.0004894084,aluno3
8:34:45-aluno3-2017-06-19-08:34:48.png,0.137124956,0.8604305,0.00136688212,0.000173730834,6.525602e-05,0.000348885,2.745787e-05,0.000462349155,aluno3
8:34:49-aluno3-2017-06-19-08:34:52.png,0.0128340982,0.968840659,0.000548053358,0.000210651968,1.914889e-05,0.0145832421,0.0001387309,0.00282540871,aluno3
8:34:51-aluno3-2017-06-19-08:34:54.png,0.0344696976,0.960563362,0.00348094082,5.88912881e-05,5.125149e-05,4.13664166e-05,1.90361914e-06,0.001332572,aluno3
8:34:53-aluno3-2017-06-19-08:34:55.png,0.0118338,0.9848737,0.0016815844,1.69471332e-05,3.54630247e-05,5.12946935e-05,1.50927906e-06,0.00150567584,aluno3
8:34:55-aluno3-2017-06-19-08:34:57.png,0.05469033,0.9416855,0.00026349313,2.52330447e-05,0.00012474721,0.002052389,0.000366872118,0.0007914295,aluno3
8:34:57-aluno3-2017-06-19-08:34:59.png,0.07648356,0.7063633,0.199842364,0.00507584633,0.00162850111,0.00593296951,0.000841409,0.00383200147,aluno3
8:34:59-aluno3-2017-06-19-08:35:02.png,0.0232553855,0.821389556,0.0299513433,0.000208220881,0.00037354973,6.44196e-05,7.39127836e-06,0.124750145,aluno3
8:35:01-aluno3-2017-06-19-08:35:04.png,0.0257939845,0.968419969,0.00184325024,0.0001410578,0.000134864,0.0002237281,1.48965055e-05,0.003428257,aluno3
8:35:03-aluno3-2017-06-19-08:35:05.png,0.011540168,0.985716045,0.00136268942,1.16329238e-05,1.61411372e-05,2.24255709e-05,1.12178657e-06,0.0013297525,aluno3
8:35:05-aluno3-2017-06-19-08:35:08.png,0.009011202,0.990265667,0.000497996865,4.53353e-06,6.419537e-06,1.3935015e-05,3.52260969e-07,0.000199899921,aluno3
8:35:07-aluno3-2017-06-19-08:35:09.png,0.0100886459,0.981492162,0.000923901738,0.000440503063,0.000113462251,0.005077633,5.36802763e-05,0.00181000587,aluno3
8:35:09-aluno3-2017-06-19-08:35:11.png,0.0334069133,0.9495182,0.00179198512,0.00124053808,0.000401500467,0.0102686584,0.00023667686,0.00313554425,aluno3
8:35:11-aluno3-2017-06-19-08:35:14.png,0.0015534102,0.983306348,0.0103000393,1.88265276e-05,1.68688784e-05,2.06251789e-05,1.755751e-07,0.0047837086,aluno3
8:35:13-aluno3-2017-06-19-08:35:16.png,0.00725111738,0.9912606,0.000898912956,1.1392588e-05,3.10968244e-05,1.79602212e-05,8.573483e-07,0.0005280467,aluno3
8:35:15-aluno3-2017-06-19-08:35:18.png,0.0146814,0.9842067,0.000648357731,1.37916677e-05,3.26092959e-05,3.809825e-05,1.88156173e-06,0.000377162272,aluno3
8:35:17-aluno3-2017-06-19-08:35:20.png,0.0156753063,0.9833091,0.0005317934,2.00067425e-05,4.8380527e-05,5.447574e-05,2.74839545e-06,0.000358175079,aluno3
8:35:19-aluno3-2017-06-19-08:35:21.png,0.0166033488,0.982468,0.000560905144,2.506661e-05,7.19767049e-05,8.021117e-05,4.339786e-06,0.00018614615,aluno3
8:35:21-aluno3-2017-06-19-08:35:23.png,0.0185328778,0.9792329,0.00106930733,3.22944725e-05,4.10995963e-05,8.278422e-05,2.877532e-06,0.00100585958,aluno3
8:35:23-aluno3-2017-06-19-08:35:25.png,0.014124779,0.9844515,0.0008477009,3.475202e-05,7.684204e-05,9.230565e-05,3.83631368e-06,0.000368319132,aluno3
8:35:25-aluno3-2017-06-19-08:35:28.png,0.01177858,0.9864356,0.0007653187,4.22509438e-05,8.984296e-05,0.000206700191,7.547962e-06,0.000674160954,aluno3
8:35:27-aluno3-2017-06-19-08:35:30.png,0.0141325183,0.9851243,0.000358047633,1.50697824e-05,3.6378442e-05,3.885486e-05,1.41061787e-06,0.000293433055,aluno3
8:35:29-aluno3-2017-06-19-08:35:32.png,0.021804,0.976864636,0.0005585327,4.191321e-05,8.964221e-05,9.981484e-05,5.30397529e-06,0.0005361745,aluno3
8:35:31-aluno3-2017-06-19-08:35:33.png,0.06365143,0.934768558,0.0006842008,6.905551e-05,0.000116041949,0.000154114328,1.28018155e-05,0.0005437929,aluno3
8:35:33-aluno3-2017-06-19-08:35:36.png,0.0583377071,0.9374024,0.00179829064,0.000225316136,8.63797e-05,0.00062352547,1.62646647e-05,0.00151007553,aluno3
8:35:35-aluno3-2017-06-19-08:35:38.png,0.00410257839,0.480489761,0.000128886866,0.0008516648,0.000125574326,0.5139234,0.00011242184,0.000265699928,aluno3
8:35:37-aluno3-2017-06-19-08:35:40.png,0.0006139905,0.998705268,0.000546853233,3.67395182e-06,2.29897e-05,3.20570834e-05,4.402295e-07,7.473382e-05,aluno3
8:35:41-aluno3-2017-06-19-08:35:44.png,0.0485409126,0.95031476,0.000525040145,3.25536166e-05,4.12095942e-05,9.69964e-05,8.460043e-06,0.0004400761,aluno3
8:35:43-aluno3-2017-06-19-08:35:45.png,0.0530842245,0.9416433,0.00318431226,0.000250651676,0.000197435715,0.000302605,3.30365037e-05,0.0013044459,aluno3
8:35:45-aluno3-2017-06-19-08:35:48.png,0.1971826,0.8012313,0.0009226703,0.000216754343,3.34242177e-05,0.000253573467,1.69417344e-05,0.000142711142,aluno3
8:35:47-aluno3-2017-06-19-08:35:50.png,0.09946211,0.899267852,0.000828809745,3.628356e-05,5.79540974e-05,0.000195020475,2.35127791e-05,0.000128473344,aluno3
8:35:49-aluno3-2017-06-19-08:35:52.png,0.270511925,0.727199,0.00142213563,0.000170145257,0.000248114869,0.000279518543,5.3752945e-05,0.000115371804,aluno3
8:35:51-aluno3-2017-06-19-08:35:54.png,0.257924527,0.7405468,0.0008560393,0.000115271083,5.81622771e-05,0.000302044937,4.5636596e-05,0.000151498141,aluno3
8:35:53-aluno3-2017-06-19-08:35:56.png,0.09542855,0.9029804,0.00103897159,4.315491e-05,6.487519e-05,0.000217782785,2.36926735e-05,0.000202589348,aluno3
8:35:55-aluno3-2017-06-19-08:35:57.png,0.170716912,0.827369869,0.001197689,7.143817e-05,9.806116e-05,0.000301681721,4.57034221e-05,0.000198615628,aluno3
8:35:57-aluno3-2017-06-19-08:35:59.png,0.08523209,0.9131593,0.00108256261,5.352727e-05,8.456609e-05,0.0002127545,2.14191277e-05,0.000153756308,aluno3
8:35:59-aluno3-2017-06-19-08:36:01.png,0.162433729,0.835420251,0.00122675858,0.000227069526,0.000147741739,0.000341172243,2.97340666e-05,0.000173518769,aluno3
8:36:01-aluno3-2017-06-19-08:36:04.png,0.153274342,0.843501151,0.00175009063,0.000203878139,0.000297589024,0.0005291667,8.763055e-05,0.0003561654,aluno3
8:36:03-aluno3-2017-06-19-08:36:06.png,0.154009447,0.8439508,0.0012504136,0.000100151876,0.000124203172,0.000385694642,4.873273e-05,0.00013054446,aluno3
8:36:05-aluno3-2017-06-19-08:36:08.png,0.1326771,0.8654678,0.001059871,7.43539058e-05,9.328969e-05,0.000351190334,5.607744e-05,0.000220323724,aluno3
8:36:07-aluno3-2017-06-19-08:36:10.png,0.126268491,0.872279346,0.000907482463,5.57081221e-05,8.045659e-05,0.000238172084,2.47489188e-05,0.000145581958,aluno3
8:36:09-aluno3-2017-06-19-08:36:12.png,0.3534946,0.644736946,0.0007521068,0.000133581241,0.000143118348,0.000413976639,0.000117695636,0.00020797558,aluno3
8:36:11-aluno3-2017-06-19-08:36:14.png,0.462191582,0.536337256,0.0006862988,0.0003031749,4.81175921e-05,0.000326933543,4.82790238e-05,5.83861e-05,aluno3
8:36:13-aluno3-2017-06-19-08:36:16.png,0.107748665,0.890167654,0.00111488439,0.000132588029,0.000113849383,0.000435046328,3.23295135e-05,0.000254989718,aluno3
8:36:15-aluno3-2017-06-19-08:36:18.png,0.109280318,0.888297439,0.00143215107,0.000121321515,8.58154744e-05,0.000444047444,5.129674e-05,0.000287624222,aluno3
8:36:17-aluno3-2017-06-19-08:36:20.png,0.03412753,0.9631365,0.00210814481,6.88311338e-05,0.000104031969,0.000181089417,7.282142e-06,0.000266621966,aluno3
8:36:19-aluno3-2017-06-19-08:36:21.png,0.111874893,0.8843271,0.00253610522,0.00017325794,0.00019823169,0.00043839842,4.75408633e-05,0.0004044821,aluno3
8:36:21-aluno3-2017-06-19-08:36:23.png,0.154183328,0.8405774,0.00322289066,0.000325297762,0.0005182364,0.000593186065,9.63995044e-05,0.0004832642,aluno3
8:36:23-aluno3-2017-06-19-08:36:26.png,0.12028452,0.8765531,0.00200570282,0.000171362175,0.000329511968,0.000420242577,4.731847e-05,0.000188231454,aluno3
8:36:25-aluno3-2017-06-19-08:36:28.png,0.2217097,0.7727662,0.00358920917,0.000390018919,0.0005286677,0.0005669214,0.000101545345,0.000347789668,aluno3
8:36:27-aluno3-2017-06-19-08:36:30.png,0.125872821,0.8715211,0.00167080876,0.000227502853,6.05422065e-05,0.000381121325,1.58528928e-05,0.000250261743,aluno3
8:36:29-aluno3-2017-06-19-08:36:32.png,0.08413534,0.914583147,0.0007637056,5.90398922e-05,9.90326953e-05,0.000231099621,1.9591922e-05,0.000109071319,aluno3
8:36:31-aluno3-2017-06-19-08:36:33.png,0.0185426213,0.7738116,0.0005178912,0.003107697,0.000355655357,0.203160569,0.000171322346,0.0003326486,aluno3
8:36:33-aluno3-2017-06-19-08:36:35.png,0.007183148,0.9653537,0.00185932126,0.0007430971,0.0008571041,0.015521327,0.0002823455,0.008199948,aluno3
8:36:35-aluno3-2017-06-19-08:36:38.png,0.0289734825,0.800676942,0.0014640406,0.00350598036,0.00165789353,0.160164863,0.001838635,0.00171814929,aluno3
8:36:37-aluno3-2017-06-19-08:36:40.png,0.0449659452,0.937695146,0.003541466,0.00106000481,0.000615054858,0.006763149,0.0006289767,0.004730259,aluno3
8:36:41-aluno3-2017-06-19-08:36:43.png,0.0299407151,0.9655193,0.002054974,0.0007168649,0.0001049992,0.000426083425,2.91833749e-05,0.00120786566,aluno3
8:36:41-aluno3-2017-06-19-08:36:44.png,0.0183630269,0.980195,0.0007285951,0.000191026309,2.28612753e-05,0.000154093243,5.14845669e-06,0.00034027372,aluno3
8:36:43-aluno3-2017-06-19-08:36:45.png,0.01693421,0.9813742,0.00112743292,6.169836e-05,3.58586949e-05,0.000166356011,5.66937524e-06,0.000294542959,aluno3
8:36:45-aluno3-2017-06-19-08:36:48.png,0.2044451,0.7888178,0.00163967581,0.0003803563,7.080633e-05,0.0003737758,3.52507341e-05,0.004237239,aluno3
8:36:47-aluno3-2017-06-19-08:36:50.png,0.0146625079,0.9412947,0.01789404,0.00171172223,0.000555884442,0.006256826,5.30051148e-05,0.0175712984,aluno3
8:36:49-aluno3-2017-06-19-08:36:52.png,0.008558786,0.9867087,0.00126893655,8.2583836e-05,0.000102143473,5.069921e-05,3.09778443e-06,0.00322505785,aluno3
8:36:51-aluno3-2017-06-19-08:36:54.png,0.0763607547,0.9184915,0.0037704194,0.000206162527,0.0006259354,0.000221889553,2.51719666e-05,0.000298209954,aluno3
8:36:53-aluno3-2017-06-19-08:36:56.png,0.04383973,0.946280539,0.0007741955,0.0005484405,0.00226807757,0.00314863445,0.00109079154,0.002049567,aluno3
8:36:55-aluno3-2017-06-19-08:36:58.png,0.148209766,0.849675,0.0011222969,0.0001188698,0.000253637525,0.000211263032,4.41560333e-05,0.000365027,aluno3
8:36:57-aluno3-2017-06-19-08:37:00.png,0.162444055,0.8305432,0.00164733629,0.00110360177,0.00138681917,0.00159113528,0.0006248816,0.0006589197,aluno3
8:36:59-aluno3-2017-06-19-08:37:02.png,0.136990264,0.849433064,0.00403247,0.00239153462,0.000718149,0.00174741284,0.000241418966,0.004445673,aluno3
8:37:01-aluno3-2017-06-19-08:37:04.png,0.04275754,0.8888686,0.0005930406,0.00298670447,0.00080782763,0.06112936,0.0021535703,0.000703361758,aluno3
8:37:03-aluno3-2017-06-19-08:37:06.png,0.0269439835,0.9723823,0.000310081028,3.88197077e-05,0.000109946639,0.000101856,5.75871e-06,0.000107266045,aluno3
8:37:05-aluno3-2017-06-19-08:37:08.png,0.025124846,0.9733719,0.000434097281,0.00012736526,0.0001566993,0.0003862672,2.482769e-05,0.0003739755,aluno3
8:37:07-aluno3-2017-06-19-08:37:10.png,0.04284116,0.954194963,0.000809788,0.000147429761,0.000112251961,0.000678253244,3.83230072e-05,0.00117783016,aluno3
8:37:09-aluno3-2017-06-19-08:37:12.png,0.0137356417,0.3475343,0.04611976,0.00061443093,9.603098e-05,0.000118994561,3.213187e-06,0.5917776,aluno3
8:37:11-aluno3-2017-06-19-08:37:14.png,0.09099871,0.9075176,0.0005850353,7.653675e-05,4.58868271e-05,0.0002621115,2.848716e-05,0.000485633354,aluno3
8:37:13-aluno3-2017-06-19-08:37:16.png,0.0310733356,0.9622739,0.0006463288,0.000405327941,0.000160037409,0.004262013,0.000191019441,0.0009880483,aluno3
8:37:15-aluno3-2017-06-19-08:37:18.png,0.150062487,0.7890987,0.00112580077,0.005266209,0.000879896455,0.04942588,0.00301249186,0.00112854841,aluno3
8:37:17-aluno3-2017-06-19-08:37:20.png,0.0351148881,0.820309341,0.00151894707,0.006878942,0.00117674947,0.131393388,0.001179708,0.00242806925,aluno3
8:37:19-aluno3-2017-06-19-08:37:22.png,0.0420103073,0.734677,0.00066423096,0.009137319,0.00149499008,0.20976007,0.00177091255,0.000485128257,aluno3
8:37:21-aluno3-2017-06-19-08:37:24.png,0.029996492,0.968267739,0.0005534785,7.03477053e-05,9.6626216e-05,0.0003317438,2.60825491e-05,0.0006575152,aluno3
8:37:23-aluno3-2017-06-19-08:37:26.png,0.05737516,0.9385498,0.001039475,0.000261063775,0.000201689065,0.00124451588,0.000146376769,0.00118191,aluno3
8:37:25-aluno3-2017-06-19-08:37:28.png,0.05280109,0.9438381,0.00146717951,0.000566590752,0.0002438262,0.000475917535,5.28118362e-05,0.000554445141,aluno3
8:37:27-aluno3-2017-06-19-08:37:30.png,0.05490035,0.941614568,0.000814425061,0.0003310676,0.0005977847,0.00107427454,0.000149687665,0.000517857843,aluno3
8:37:29-aluno3-2017-06-19-08:37:32.png,0.055198662,0.9412987,0.000844566443,0.0004278275,0.0007915059,0.0009016947,0.0001284821,0.000408517051,aluno3
8:37:31-aluno3-2017-06-19-08:37:34.png,0.07247838,0.9229526,0.00101384439,0.0005914762,0.0007764805,0.001288325,0.000201502742,0.000697408,aluno3
8:37:34-aluno3-2017-06-19-08:37:36.png,0.0482496135,0.9284294,0.0153677976,0.000468510116,0.000211648658,0.000474587316,4.15893774e-05,0.006756819,aluno3
8:37:35-aluno3-2017-06-19-08:37:38.png,0.140312761,0.365842074,0.312030882,0.00453694072,0.0008327757,0.000321327359,9.433656e-05,0.1760289,aluno3
8:37:37-aluno3-2017-06-19-08:37:40.png,0.08180947,0.9122873,0.00287869922,0.000261563546,0.000257512816,0.000421073259,4.81490824e-05,0.00203622482,aluno3
8:37:39-aluno3-2017-06-19-08:37:41.png,0.10628166,0.8895435,0.00238194829,0.000423129066,0.000173412845,0.0003073457,3.555431e-05,0.0008534784,aluno3
8:37:41-aluno3-2017-06-19-08:37:44.png,0.05958102,0.9394302,0.000339405669,6.420767e-05,7.225413e-05,0.000134748727,6.235372e-06,0.000371933274,aluno3
8:37:43-aluno3-2017-06-19-08:37:46.png,0.0302122161,0.9134352,0.000933955365,0.00317294,0.00150572346,0.04790565,0.0016715707,0.00116274424,aluno3
8:37:45-aluno3-2017-06-19-08:37:48.png,0.0584666543,0.939152,0.000896540354,0.000240448775,0.000353038282,0.00064804015,6.662252e-05,0.000176665242,aluno3
8:37:47-aluno3-2017-06-19-08:37:50.png,0.0998509154,0.895772159,0.00111690117,0.0003823439,0.000317415863,0.00190098584,0.0002480307,0.0004112276,aluno3
8:37:51-aluno3-2017-06-19-08:37:53.png,0.0164128672,0.974928141,0.000283816975,0.00106096792,0.000488713849,0.00639608828,0.000268015865,0.00016139973,aluno3
8:37:51-aluno3-2017-06-19-08:37:54.png,0.0148857189,0.831548452,0.000931919436,0.005165432,0.0006480297,0.1423111,0.0003435121,0.00416586455,aluno3
8:37:53-aluno3-2017-06-19-08:37:55.png,0.0328106545,0.5216433,0.0006296045,0.00449651526,0.00129931874,0.434826285,0.00300266687,0.00129171053,aluno3
8:37:55-aluno3-2017-06-19-08:37:58.png,0.02921946,0.9657497,0.00187645236,0.000255719962,0.000110515379,0.000696398143,5.25090436e-05,0.00203928375,aluno3
8:37:57-aluno3-2017-06-19-08:37:59.png,0.02287506,0.9725841,0.000972502,9.25829954e-05,0.000120141973,0.002007389,0.000130443717,0.00121773349,aluno3
8:37:59-aluno3-2017-06-19-08:38:02.png,0.0140698506,0.981321037,0.00154640223,1.99838378e-05,2.2606635e-05,4.70149243e-05,1.70080637e-06,0.00297138514,aluno3
8:38:01-aluno3-2017-06-19-08:38:04.png,0.07852319,0.91828,0.0009900243,0.000101136575,0.000132524816,0.0005010371,7.425168e-05,0.0013978607,aluno3
8:38:03-aluno3-2017-06-19-08:38:06.png,0.0395971127,0.4632156,0.0008430675,0.0155424578,0.00215641758,0.47512117,0.002781246,0.000742940232,aluno3
8:38:05-aluno3-2017-06-19-08:38:08.png,0.0112316124,0.34005034,0.000761699048,0.007690284,0.000519758731,0.638161361,0.0007093468,0.0008755823,aluno3
8:38:07-aluno3-2017-06-19-08:38:10.png,0.07389242,0.9241201,0.00121964363,9.5023046e-05,5.61676861e-05,0.0002748592,1.66185018e-05,0.000325119676,aluno3
8:38:09-aluno3-2017-06-19-08:38:12.png,0.03425585,0.927324951,0.007139917,0.0003760705,0.000653815863,0.000332036172,2.9075376e-05,0.0298882611,aluno3
8:38:11-aluno3-2017-06-19-08:38:14.png,0.211587369,0.785770655,0.00143950828,0.0001851141,7.87568861e-05,0.000274761172,3.84572e-05,0.0006253532,aluno3
8:38:13-aluno3-2017-06-19-08:38:16.png,0.166165411,0.8293641,0.00268140924,0.000164103243,7.60132243e-05,0.000129439548,1.48582385e-05,0.001404625,aluno3
8:38:18-aluno3-2017-06-19-08:38:21.png,0.3215502,0.5691132,0.0995832,0.00439516641,0.000335123041,0.0009674448,0.0002255448,0.00383010437,aluno3
8:38:19-aluno3-2017-06-19-08:38:22.png,0.266779751,0.607554257,0.111382179,0.0042864345,0.000570911739,0.0009329478,0.000188463222,0.008305097,aluno3
8:38:22-aluno3-2017-06-19-08:38:24.png,0.0433645956,0.938159764,0.00652027549,0.000301527238,0.000275913277,0.000467767823,5.62603e-05,0.0108538736,aluno3
8:38:25-aluno3-2017-06-19-08:38:27.png,0.3096701,0.677030265,6.875862e-05,7.100921e-05,7.042907e-05,0.01117346,0.000795152155,0.00112085673,aluno3
8:38:25-aluno3-2017-06-19-08:38:28.png,0.132712364,0.837057054,0.000241189569,8.557728e-05,0.000155710324,0.0212145038,0.00531922234,0.00321437069,aluno3
8:38:27-aluno3-2017-06-19-08:38:30.png,0.0565853,0.919054151,0.0103155188,0.00327500748,0.00357105583,0.002943887,0.0006497208,0.003605385,aluno3
8:38:29-aluno3-2017-06-19-08:38:32.png,0.058142852,0.9379263,0.0005131612,0.000131729132,0.0005140213,0.00139693229,0.000401086,0.0009739185,aluno3
8:38:31-aluno3-2017-06-19-08:38:34.png,0.10040798,0.8922932,0.00281045213,0.000766860554,0.000136684917,0.00156037242,0.000111569192,0.00191285869,aluno3
8:38:33-aluno3-2017-06-19-08:38:36.png,0.227297336,0.7677536,0.00168366055,0.0007155209,0.000130211876,0.0009826851,0.000115392351,0.00132160354,aluno3
8:38:35-aluno3-2017-06-19-08:38:38.png,0.122670643,0.8488485,0.00206548325,0.0008220925,0.000549747259,0.0196305588,0.00417800527,0.00123496645,aluno3
8:38:37-aluno3-2017-06-19-08:38:40.png,0.0369075947,0.9310687,0.00643296,0.000114845381,0.00020462471,0.0003521532,4.70010236e-05,0.0248721261,aluno3
8:38:39-aluno3-2017-06-19-08:38:41.png,0.112641834,0.885849655,0.000583522138,7.84689e-05,0.000102510356,0.0005612941,7.749142e-05,0.000105207873,aluno3
8:38:41-aluno3-2017-06-19-08:38:44.png,0.0607953779,0.931416452,0.00246733,0.0006693591,0.000253968028,0.00281087612,0.0001785505,0.0014080723,aluno3
8:38:43-aluno3-2017-06-19-08:38:46.png,0.104075111,0.870480835,0.0163478572,0.000944347936,0.000194670283,0.00129881909,8.766029e-05,0.006570727,aluno3
8:38:45-aluno3-2017-06-19-08:38:48.png,0.03876844,0.959287047,0.0012633428,4.524545e-05,2.12762861e-05,8.023264e-05,2.757291e-06,0.000531663769,aluno3
8:38:47-aluno3-2017-06-19-08:38:50.png,0.1115886,0.8538616,0.00392547669,0.001777647,0.00108995952,0.009247196,0.009687707,0.0088218255,aluno3
8:38:49-aluno3-2017-06-19-08:38:52.png,0.68661654,0.148225382,2.01728217e-05,1.19981169e-05,5.333022e-07,0.1242025,0.0408235677,9.9308505e-05,aluno3
8:38:58-aluno3-2017-06-19-08:39:00.png,0.02687009,0.917710841,0.0064551346,0.00181671476,0.000215787222,0.01554779,7.509534e-05,0.03130856,aluno3
8:38:59-aluno3-2017-06-19-08:39:02.png,0.000886765367,0.998931646,7.623933e-05,1.75657746e-07,5.855186e-07,5.546363e-06,4.56911025e-08,9.89988257e-05,aluno3
8:39:11-aluno3-2017-06-19-08:39:14.png,0.0283121672,0.968975365,0.00195841165,0.000115181523,2.86495742e-05,0.00020838427,1.18677572e-05,0.00038999386,aluno3
8:39:20-aluno3-2017-06-19-08:39:22.png,0.0191074125,0.980580449,0.00012694906,1.85985555e-05,1.92475127e-05,4.23420461e-05,1.80688755e-06,0.000103173035,aluno3
8:39:20-aluno3-2017-06-19-08:39:23.png,0.109686881,0.877865434,0.008208304,0.0007789856,0.000391644775,0.000514060666,9.257474e-05,0.00246210117,aluno3
8:39:22-aluno3-2017-06-19-08:39:24.png,0.01424372,0.9849857,0.00032261954,3.927152e-05,1.18382086e-05,4.34316535e-05,7.667747e-07,0.000352670962,aluno3
8:39:24-aluno3-2017-06-19-08:39:26.png,0.0451538824,0.951497,0.00198220415,0.000159386633,0.0001875771,0.0002474285,1.37081488e-05,0.000758784357,aluno3
8:39:27-aluno3-2017-06-19-08:39:29.png,0.020098554,0.9784171,0.000316599238,0.000126579864,0.000307927345,0.000477127352,3.85112762e-05,0.00021758613,aluno3
8:39:28-aluno3-2017-06-19-08:39:31.png,0.0061822813,0.990137637,0.00223154877,2.81455978e-05,4.982334e-05,1.50647356e-05,3.15275543e-07,0.001355169,aluno3
8:39:31-aluno3-2017-06-19-08:39:34.png,0.0278802067,0.9709462,0.000408722728,0.000108330911,0.00011790674,0.0003902173,2.352968e-05,0.0001249152,aluno3
8:39:32-aluno3-2017-06-19-08:39:35.png,0.03346453,0.9659823,0.000275830127,3.600494e-05,2.91820033e-05,0.000135583759,1.13141687e-05,6.522675e-05,aluno3
8:39:34-aluno3-2017-06-19-08:39:36.png,0.109637775,0.8881164,0.00130512472,9.08971051e-05,0.000109006432,0.000117322619,2.48488432e-05,0.0005985985,aluno3
8:39:36-aluno3-2017-06-19-08:39:38.png,0.0248592068,0.9746172,0.000266882271,7.2215953e-06,1.035415e-05,3.4071647e-05,2.551599e-06,0.000202542491,aluno3
8:39:38-aluno3-2017-06-19-08:39:40.png,0.103745438,0.895442963,0.000356954668,2.57810316e-05,3.18276143e-05,7.280663e-05,1.18927019e-05,0.000312326942,aluno3
8:39:40-aluno3-2017-06-19-08:39:42.png,0.104698248,0.8940285,0.0004959609,5.16432046e-05,6.192695e-05,0.000170895786,2.31631948e-05,0.0004696693,aluno3
8:39:42-aluno3-2017-06-19-08:39:44.png,0.07761791,0.921323836,0.000374276919,3.63085419e-05,4.66153979e-05,0.000134167683,1.67689523e-05,0.00045014,aluno3
8:39:44-aluno3-2017-06-19-08:39:47.png,0.193670571,0.797005832,0.003094407,0.000305068737,0.000196420573,0.0001917227,5.71998171e-05,0.00547876442,aluno3
8:39:46-aluno3-2017-06-19-08:39:48.png,0.2479782,0.183484018,0.00076229,0.0226955619,0.004169926,0.5094961,0.0313340649,7.986753e-05,aluno3
8:39:48-aluno3-2017-06-19-08:39:50.png,0.497996449,0.495261759,0.002794466,0.00111159461,0.00194899947,0.0003008428,0.000435757771,0.000150156455,aluno3
8:39:50-aluno3-2017-06-19-08:39:52.png,0.472700864,0.5059008,0.00335570262,0.004172024,0.00307186,0.005373409,0.004872541,0.0005528064,aluno3
8:39:52-aluno3-2017-06-19-08:39:54.png,0.231154352,0.7668068,0.000944729953,0.000115064555,9.03077962e-05,0.000310573581,0.000150168678,0.000428037252,aluno3
8:39:54-aluno3-2017-06-19-08:39:57.png,0.3404968,0.65574044,0.00076141936,0.000261607143,0.000128821033,0.00151306507,0.0007004697,0.0003973784,aluno3
8:39:56-aluno3-2017-06-19-08:39:58.png,0.428863674,0.5674216,0.0011507317,0.000465924822,0.000168092753,0.00104784314,0.000471829873,0.000410291163,aluno3
8:40:01-aluno3-2017-06-19-08:40:04.png,0.18236506,0.804410636,0.00353646628,0.000111674424,6.433026e-05,4.59323419e-05,7.03735941e-06,0.009458841,aluno3
8:40:02-aluno3-2017-06-19-08:40:04.png,0.2614476,0.707663059,0.00133173435,0.00249917223,0.0004572758,0.0213505682,0.00368962949,0.001560947,aluno3
8:40:07-aluno3-2017-06-19-08:40:10.png,0.224921,0.758010268,0.00139545451,0.000407687126,0.000328417867,0.009271637,0.000923966058,0.00474154856,aluno3
8:40:08-aluno3-2017-06-19-08:40:11.png,0.201117992,0.7815203,0.0009730421,0.000520128058,0.000323308632,0.0112820566,0.001696179,0.00256699813,aluno3
8:40:11-aluno3-2017-06-19-08:40:14.png,0.157469377,0.7634715,0.00154307776,0.00120374374,0.000409256056,0.06853625,0.00357917533,0.00378762325,aluno3
8:40:12-aluno3-2017-06-19-08:40:15.png,0.165048331,0.7405585,0.0003667186,0.000366421446,0.000219334644,0.08178078,0.00850823149,0.00315167755,aluno3
8:40:14-aluno3-2017-06-19-08:40:17.png,0.172293991,0.8130326,0.00150998367,0.000844966737,0.000234858628,0.009287896,0.0009861832,0.001809466,aluno3
8:40:16-aluno3-2017-06-19-08:40:18.png,0.136864379,0.857852459,0.00241352571,0.0002537349,0.0001991816,0.0003496086,9.1244e-05,0.001975868,aluno3
8:40:18-aluno3-2017-06-19-08:40:20.png,0.216321737,0.7717284,0.001612257,0.001566192,0.000419622433,0.00612262776,0.0008315905,0.0013975614,aluno3
8:40:20-aluno3-2017-06-19-08:40:22.png,0.316464245,0.635539353,0.001402813,0.00438498054,0.0008717228,0.0351224765,0.00533063849,0.0008837935,aluno3
8:40:22-aluno3-2017-06-19-08:40:24.png,0.22679624,0.7693417,0.001721642,0.000256746978,0.000181385331,0.000505616132,0.000227193348,0.000969474262,aluno3
8:40:24-aluno3-2017-06-19-08:40:26.png,0.172680289,0.8217079,0.00205992744,0.000299484382,0.000146109116,0.000748676364,0.000222524788,0.002135068,aluno3
8:40:26-aluno3-2017-06-19-08:40:28.png,0.309253842,0.688292,0.001004455,0.000215239081,9.420243e-05,0.00049202604,0.000225827767,0.000422397017,aluno3
8:40:28-aluno3-2017-06-19-08:40:30.png,0.332777977,0.6637333,0.00116003409,0.000319086364,0.000118266718,0.000654647767,0.000259068271,0.0009776276,aluno3
8:40:30-aluno3-2017-06-19-08:40:32.png,0.206682965,0.7869742,0.002023134,0.000378451427,0.000339259132,0.00122233911,0.000390059839,0.00198956975,aluno3
8:40:32-aluno3-2017-06-19-08:40:35.png,0.20173493,0.7952912,0.00118612952,0.000154725174,0.000155493777,0.00039991294,0.000208609737,0.000869008363,aluno3
8:40:35-aluno3-2017-06-19-08:40:38.png,0.198701173,0.7985534,0.00110211759,0.000126380284,7.73808e-05,0.0004644655,0.000152291424,0.0008227664,aluno3
8:40:36-aluno3-2017-06-19-08:40:39.png,0.135129914,0.862307668,0.000803957169,0.000196938534,0.000148853622,0.000629132031,0.000126127,0.0006574335,aluno3
8:40:39-aluno3-2017-06-19-08:40:42.png,0.0471646152,0.9488999,0.00168685336,0.000104653591,0.000130370492,0.000149842454,1.5502852e-05,0.00184820953,aluno3
8:40:41-aluno3-2017-06-19-08:40:43.png,0.06759761,0.9199998,0.008501056,0.000211878272,0.00027503047,8.507705e-05,9.749012e-06,0.00331982551,aluno3
8:40:44-aluno3-2017-06-19-08:40:46.png,0.567063153,0.41850552,0.002704289,0.0020964155,0.00115224312,0.0037064522,0.004579914,0.00019204327,aluno3
8:40:44-aluno3-2017-06-19-08:40:47.png,0.5125215,0.4807096,0.002142594,0.0011649481,0.000475114328,0.00159740576,0.00113987154,0.0002489738,aluno3
8:40:46-aluno3-2017-06-19-08:40:48.png,0.151038364,0.8388424,0.00221455423,0.000272041623,7.920246e-05,0.00026450897,4.35159927e-05,0.007245417,aluno3
8:40:48-aluno3-2017-06-19-08:40:50.png,0.07502774,0.9241662,0.0003728768,0.000102983206,3.55816956e-05,0.00017419309,1.47959527e-05,0.000105638741,aluno3
8:40:50-aluno3-2017-06-19-08:40:53.png,0.00845314749,0.5990568,0.0008247174,0.00277699973,0.000547043746,0.382197082,0.000291189615,0.00585304061,aluno3
8:40:52-aluno3-2017-06-19-08:40:55.png,0.02265875,0.9723527,0.00164536736,0.000168841565,6.57449345e-05,0.00118398631,5.2911033e-05,0.00187172135,aluno3
8:40:54-aluno3-2017-06-19-08:40:56.png,0.0130140409,0.8666567,0.005486716,8.33577942e-05,7.683309e-05,9.14255143e-05,5.762449e-06,0.114585124,aluno3
8:40:56-aluno3-2017-06-19-08:40:58.png,0.7593506,0.2375833,0.0004650774,0.0005920823,0.000151769258,0.000857600651,0.0009883168,1.12485586e-05,aluno3
8:40:58-aluno3-2017-06-19-08:41:00.png,0.496957749,0.498772442,0.00121875585,0.00139934546,0.000634342956,0.0006155326,0.000324197754,7.762869e-05,aluno3
8:41:00-aluno3-2017-06-19-08:41:02.png,0.0288360938,0.96718055,0.002680106,0.000178913207,0.0003426945,0.000286287745,2.38459725e-05,0.00047153,aluno3
8:41:02-aluno3-2017-06-19-08:41:04.png,0.06597585,0.9093869,0.00644049747,0.000311542652,0.000416238618,0.000267787516,3.48074864e-05,0.0171664227,aluno3
8:41:04-aluno3-2017-06-19-08:41:07.png,0.04632415,0.948659241,0.00283090258,0.0001708391,0.000138707212,0.0002191631,1.63183722e-05,0.00164068351,aluno3
8:41:06-aluno3-2017-06-19-08:41:08.png,0.0572637953,0.940978348,0.000628183,0.000233924075,0.000290155323,0.0002276261,1.47075179e-05,0.000363274681,aluno3
8:41:08-aluno3-2017-06-19-08:41:10.png,0.0166819971,0.9636439,0.00749655347,0.00108939118,0.00138132065,0.00288264756,6.363334e-05,0.00676055625,aluno3
8:41:10-aluno3-2017-06-19-08:41:12.png,0.08080417,0.9142888,0.000520992442,0.000605225854,0.000637687161,0.0009032815,9.050418e-05,0.00214932882,aluno3
8:41:12-aluno3-2017-06-19-08:41:14.png,0.05146794,0.9471519,0.00106668053,3.416709e-05,1.27721314e-05,1.76608573e-05,1.09616042e-06,0.000247793942,aluno3
8:41:14-aluno3-2017-06-19-08:41:16.png,0.03251518,0.96662,8.39396744e-05,5.337505e-05,4.517698e-05,0.000349234033,1.21517778e-05,0.0003209382,aluno3
8:41:16-aluno3-2017-06-19-08:41:18.png,0.00818691,0.988535345,0.000561956549,0.000147108542,0.00052772,0.00171778561,5.47864329e-05,0.000268390577,aluno3
8:41:18-aluno3-2017-06-19-08:41:20.png,0.05797319,0.7489375,0.00032937096,0.009882157,0.0031823162,0.176409662,0.00286901766,0.00041679616,aluno3
8:41:22-aluno3-2017-06-19-08:41:25.png,0.1363502,0.8579508,0.00212738174,0.00015076845,9.58980745e-05,0.000624915469,7.142365e-05,0.00262857974,aluno3
8:41:24-aluno3-2017-06-19-08:41:27.png,0.028823765,0.72247684,0.00112162379,0.003059095,0.000767114165,0.237582788,0.00169840362,0.00447035534,aluno3
8:41:26-aluno3-2017-06-19-08:41:28.png,0.029495649,0.9691845,0.0006090461,8.19804554e-05,6.505084e-05,7.56993e-05,2.12674172e-06,0.0004859139,aluno3
8:41:28-aluno3-2017-06-19-08:41:30.png,0.0532588363,0.8930944,0.041856,0.00126600813,0.00438799569,0.000952554867,0.000254712155,0.00492946943,aluno3
8:41:30-aluno3-2017-06-19-08:41:32.png,0.036042843,0.359574735,0.000426831073,0.009227569,0.0007093653,0.5915616,0.001011369,0.00144567608,aluno3
8:41:32-aluno3-2017-06-19-08:41:34.png,0.0263044629,0.968279839,0.002285804,0.000268061383,0.000234572,0.00127667782,4.62272474e-05,0.00130433845,aluno3
8:41:34-aluno3-2017-06-19-08:41:37.png,0.03458205,0.9562831,0.004191935,0.0006575167,0.000575329235,0.002172525,0.000183219323,0.00135431113,aluno3
8:41:36-aluno3-2017-06-19-08:41:39.png,0.04825865,0.926604152,0.0200554989,0.0007440138,0.0006795145,0.000412048917,2.99285912e-05,0.0032162203,aluno3
8:41:39-aluno3-2017-06-19-08:41:41.png,0.0311230626,0.9660242,0.00187769486,0.000181515308,0.000237481843,0.000244229945,1.86450961e-05,0.000293156976,aluno3
8:41:40-aluno3-2017-06-19-08:41:42.png,0.010225418,0.988761961,0.0005902402,5.13185041e-05,0.000105409454,4.443585e-05,8.4786717e-07,0.000220353555,aluno3
8:41:42-aluno3-2017-06-19-08:41:45.png,0.02290765,0.9755539,0.0005615,0.000107569016,0.0004285107,0.000172229877,5.84038571e-06,0.0002628437,aluno3
8:41:44-aluno3-2017-06-19-08:41:46.png,0.02787932,0.9714321,0.000497575034,1.590578e-05,1.91690615e-05,3.147504e-05,1.52004839e-06,0.00012293995,aluno3
8:41:46-aluno3-2017-06-19-08:41:49.png,0.0798152,0.918941259,0.0003200621,0.000114777853,6.29564456e-05,0.000317571947,1.96157744e-05,0.000408578577,aluno3
8:41:48-aluno3-2017-06-19-08:41:50.png,0.0515172631,0.945593536,0.0007946033,7.0582646e-05,1.200653e-05,0.0002016185,1.63078548e-05,0.00179406768,aluno3
8:41:50-aluno3-2017-06-19-08:41:53.png,0.0282829963,0.9670515,0.00258873776,4.78858929e-05,3.134599e-05,3.15396974e-05,2.02996034e-06,0.00196395745,aluno3
8:41:52-aluno3-2017-06-19-08:41:55.png,0.01749349,0.9810349,0.000770869839,2.58488817e-05,4.46717831e-06,6.133868e-05,1.584924e-06,0.000607508468,aluno3
8:41:55-aluno3-2017-06-19-08:41:58.png,0.0896593556,0.906158864,0.000900593761,0.0003474417,0.0001660804,0.0009800085,0.000131864683,0.00165577268,aluno3
8:41:56-aluno3-2017-06-19-08:41:59.png,0.0492881648,0.936543,0.00173429318,0.0005914816,0.00028573774,0.0025096254,0.000206837067,0.008840885,aluno3
8:41:58-aluno3-2017-06-19-08:42:00.png,0.0768155158,0.918384731,0.00164690439,0.000312901946,0.000301963562,0.0006255214,0.000111165042,0.00180126878,aluno3
8:42:00-aluno3-2017-06-19-08:42:02.png,0.009706157,0.963320553,0.00631723041,5.08950761e-05,3.97045442e-05,6.43618259e-05,8.85409065e-07,0.0205002166,aluno3
8:42:02-aluno3-2017-06-19-08:42:04.png,0.0197480377,0.9743393,0.0005192436,0.000278310355,0.000225056545,0.004106413,0.00011644599,0.000667185,aluno3
8:42:04-aluno3-2017-06-19-08:42:07.png,0.0805583745,0.9105146,0.0008064608,0.000555202947,0.000527038,0.005077617,0.00106619252,0.000894492667,aluno3
8:42:06-aluno3-2017-06-19-08:42:08.png,0.0128589449,0.8563401,0.051853437,0.0227844734,0.0279175844,0.01712187,0.0006517246,0.01047184,aluno3
8:42:08-aluno3-2017-06-19-08:42:10.png,0.006078485,0.9864775,0.00127585116,0.000272222183,0.000233559651,0.005004672,5.72693425e-05,0.000600426341,aluno3
8:42:10-aluno3-2017-06-19-08:42:12.png,0.05990571,0.93865,0.000497499,0.000104719955,2.28598456e-05,0.000235250787,1.03577295e-05,0.0005735841,aluno3
8:42:12-aluno3-2017-06-19-08:42:14.png,0.00704911,0.9920761,0.000502193,3.77306242e-05,7.362316e-05,0.000216692,3.52106736e-06,4.104434e-05,aluno3
8:42:14-aluno3-2017-06-19-08:42:16.png,0.0592812672,0.919225037,0.0123521136,0.0006477404,0.0002550745,0.0004104868,3.03959314e-05,0.007797865,aluno3
8:42:16-aluno3-2017-06-19-08:42:19.png,0.00145631121,0.9959573,0.0011263229,2.58536547e-05,6.26738547e-05,0.0001290222,7.07313063e-07,0.00124182017,aluno3
8:42:18-aluno3-2017-06-19-08:42:21.png,0.01511842,0.9760917,0.00171238428,0.000110764522,0.000120952311,0.000418348762,2.51045876e-05,0.00640236633,aluno3
8:42:20-aluno3-2017-06-19-08:42:23.png,0.0140896179,0.9154642,0.0111410758,0.0124049429,0.03885689,0.005058408,0.0003972596,0.00258756662,aluno3
8:42:22-aluno3-2017-06-19-08:42:24.png,0.01711182,0.953949749,0.004927682,0.0017382626,0.00191830622,0.0171090942,0.0008298653,0.002415192,aluno3
8:42:24-aluno3-2017-06-19-08:42:26.png,0.07215924,0.919455767,0.000663596555,0.00157943694,0.000543188362,0.00467287144,0.000525738636,0.000400178338,aluno3
8:42:27-aluno3-2017-06-19-08:42:30.png,0.03552035,0.9460831,0.0137045709,0.000316599821,0.000231757978,8.355988e-05,3.97222175e-06,0.004056062,aluno3
8:42:28-aluno3-2017-06-19-08:42:30.png,0.00742779626,0.988457859,0.00233864668,4.02533769e-05,4.93317e-05,4.69664519e-05,1.03017192e-06,0.001638094,aluno3
8:42:30-aluno3-2017-06-19-08:42:33.png,0.0347257555,0.9519005,0.00247046561,0.00160338276,0.0006681816,0.005511568,0.000209790785,0.00291036186,aluno3
8:42:32-aluno3-2017-06-19-08:42:34.png,0.0271893349,0.9696728,0.00183590944,0.000228474659,0.0002555093,0.000407657644,1.73530389e-05,0.000392976333,aluno3
8:42:34-aluno3-2017-06-19-08:42:36.png,0.0498895,0.9442707,0.004158301,0.000184736084,0.00024288382,7.789523e-05,4.322054e-06,0.00117167959,aluno3
8:42:36-aluno3-2017-06-19-08:42:38.png,0.0292251874,0.9642694,0.00239923084,0.000700390141,0.000282665453,0.00159046578,0.000137574767,0.00139505637,aluno3
8:42:38-aluno3-2017-06-19-08:42:40.png,0.03860517,0.8919026,0.0112138921,0.00016243053,0.000180976393,4.74778935e-05,5.2682276e-06,0.05788219,aluno3
8:42:40-aluno3-2017-06-19-08:42:42.png,0.0129541727,0.9762352,0.00115128641,0.000166612212,0.000188438411,0.008873596,9.384378e-05,0.000336820871,aluno3
8:42:43-aluno3-2017-06-19-08:42:46.png,0.020444205,0.9784152,0.0006247615,2.16838616e-05,7.035991e-05,0.000137770883,7.994914e-06,0.000278033724,aluno3
8:42:44-aluno3-2017-06-19-08:42:47.png,0.0182449277,0.980219662,0.0008157827,2.80846434e-05,0.000109021617,0.000138470743,1.12850175e-05,0.000432765868,aluno3
8:42:46-aluno3-2017-06-19-08:42:48.png,0.0160036124,0.9815015,0.00132807961,6.989307e-05,0.000160486525,0.0002571812,1.61208936e-05,0.000663106737,aluno3
8:42:48-aluno3-2017-06-19-08:42:51.png,0.0148981148,0.9822545,0.000406343373,7.71351e-05,5.68688047e-05,0.00158818974,4.344526e-05,0.000675375341,aluno3
8:42:50-aluno3-2017-06-19-08:42:52.png,0.0127914567,0.9858057,0.0006572542,0.000293691759,0.000142506033,0.000157787043,1.327638e-05,0.00013833039,aluno3
8:42:52-aluno3-2017-06-19-08:42:54.png,0.0407849364,0.9414708,0.005926665,0.000230865786,0.000103444123,0.000522567367,2.87495113e-05,0.0109319538,aluno3
8:42:56-aluno3-2017-06-19-08:42:58.png,0.100946717,0.8902024,0.0033472646,0.00023848463,1.52312505e-05,0.001042143,6.24231761e-05,0.00414533634,aluno3
8:42:58-aluno3-2017-06-19-08:43:00.png,0.00946416,0.982599556,0.00422722,5.65504342e-05,8.194742e-05,4.93243533e-05,3.100912e-06,0.00351813785,aluno3
8:43:00-aluno3-2017-06-19-08:43:03.png,0.0592225343,0.9185132,0.000905152468,0.000615512137,0.00018525777,0.0188130848,0.0008257541,0.0009195258,aluno3
8:43:02-aluno3-2017-06-19-08:43:05.png,0.561803758,0.374147773,0.0618001521,0.00115250284,0.0005014365,2.55796112e-05,1.54203826e-05,0.000553406368,aluno3
8:43:04-aluno3-2017-06-19-08:43:06.png,0.03546411,0.9630483,0.001099251,7.995695e-06,8.903848e-06,5.13530649e-05,6.05398327e-06,0.000314060075,aluno3
8:43:06-aluno3-2017-06-19-08:43:08.png,0.03904721,0.9593904,0.00125430652,6.67281938e-06,6.993161e-06,3.50268165e-05,3.49114111e-06,0.0002559106,aluno3
8:43:08-aluno3-2017-06-19-08:43:10.png,0.036540255,0.960518062,0.00267333072,1.04263581e-05,6.50917264e-06,3.10537034e-05,2.5994575e-06,0.000217771274,aluno3
8:43:10-aluno3-2017-06-19-08:43:13.png,0.08613795,0.9134326,0.000324612949,3.194398e-06,3.865716e-06,1.07245187e-05,1.509753e-06,8.556079e-05,aluno3
8:43:12-aluno3-2017-06-19-08:43:14.png,0.0538005754,0.9453527,0.0006977207,3.34411061e-06,3.08187919e-06,1.46474858e-05,1.17276522e-06,0.000126800485,aluno3
8:43:14-aluno3-2017-06-19-08:43:16.png,0.113734305,0.883354,0.00269584032,8.886725e-06,5.68415271e-06,1.23001655e-05,2.19948856e-06,0.000186800142,aluno3
8:43:16-aluno3-2017-06-19-08:43:19.png,0.0103389034,0.9860231,0.0017955564,3.3465938e-05,4.561331e-05,0.000134159112,7.486741e-06,0.00162169838,aluno3
8:43:18-aluno3-2017-06-19-08:43:20.png,0.141825214,0.849354,0.000107245491,9.772709e-06,3.396779e-05,0.005009626,0.002307202,0.00135291833,aluno3
8:43:20-aluno3-2017-06-19-08:43:22.png,0.375709563,0.6192856,0.000106519219,1.20807517e-05,1.70124313e-05,0.003845921,0.000578530249,0.000444774982,aluno3
8:43:22-aluno3-2017-06-19-08:43:25.png,0.00316807767,0.986436,0.003085683,2.5735686e-05,2.60757788e-05,0.000104536244,1.34126992e-06,0.007152553,aluno3
8:43:24-aluno3-2017-06-19-08:43:26.png,0.0186760873,0.977799058,0.00127968646,0.000138598683,0.000231826387,0.000930809765,2.0897789e-05,0.0009230431,aluno3
8:43:26-aluno3-2017-06-19-08:43:29.png,0.005516408,0.9826636,0.004843872,0.000132939022,0.000362946856,0.0021503,0.000107875385,0.00422206055,aluno3
8:43:28-aluno3-2017-06-19-08:43:31.png,0.0108922608,0.9862868,0.00157314073,2.65070685e-05,4.065706e-05,8.467278e-05,2.72484067e-06,0.00109320506,aluno3
8:43:30-aluno3-2017-06-19-08:43:33.png,0.129747629,0.8270437,0.0118302908,0.000375992,0.000219189576,0.000131007953,1.71359316e-05,0.0306350589,aluno3
8:43:32-aluno3-2017-06-19-08:43:34.png,0.06294422,0.933714032,0.001677816,0.000382112135,0.000104119121,0.0002484844,1.86552843e-05,0.0009105718,aluno3
8:43:34-aluno3-2017-06-19-08:43:36.png,0.0593114421,0.9160375,0.00126450963,0.00265778415,0.00302147958,0.0157344434,0.00123903633,0.000733803,aluno3
8:43:36-aluno3-2017-06-19-08:43:38.png,0.00397688244,0.4289718,0.557471454,0.0003094192,0.000165710546,4.8368197e-06,1.44557134e-07,0.009099772,aluno3
8:43:38-aluno3-2017-06-19-08:43:40.png,0.0154642481,0.9836173,0.0006264824,1.58802723e-05,2.07309877e-05,1.32556652e-05,4.78049571e-07,0.0002416185,aluno3
8:43:40-aluno3-2017-06-19-08:43:43.png,0.297755867,0.6634521,0.00179137778,0.00285199983,0.0007675673,0.0242186356,0.008119301,0.001043163,aluno3
8:43:42-aluno3-2017-06-19-08:43:44.png,0.02328357,0.9749211,0.00107503193,2.37647782e-05,2.08223955e-05,2.0924037e-05,6.69666861e-07,0.000654118834,aluno3
8:43:44-aluno3-2017-06-19-08:43:46.png,0.1759573,0.589144051,0.0006863016,0.000239174246,0.000288896234,0.04367652,0.101895444,0.08811229,aluno3
8:43:46-aluno3-2017-06-19-08:43:48.png,0.0221794322,0.9761804,0.0007912616,3.09171628e-05,2.875378e-05,3.59093028e-05,1.6761561e-06,0.0007516805,aluno3
8:43:48-aluno3-2017-06-19-08:43:51.png,0.187190756,0.810720742,0.0009161712,0.000102639526,0.0001323356,0.000266764459,8.353245e-05,0.000587059,aluno3
8:43:50-aluno3-2017-06-19-08:43:52.png,0.2147827,0.783297837,0.0007622398,0.000131588909,0.00014195517,0.00021228574,4.71522762e-05,0.0006242591,aluno3
8:43:52-aluno3-2017-06-19-08:43:54.png,0.179957,0.7983735,0.00341963419,0.00324890018,0.0021187216,0.005404822,0.00140800653,0.00606938,aluno3
8:43:54-aluno3-2017-06-19-08:43:56.png,0.06633599,0.9332228,0.000278544525,1.39976792e-05,2.73593287e-05,3.26271875e-05,3.779386e-06,8.49300559e-05,aluno3
8:43:56-aluno3-2017-06-19-08:43:59.png,0.09710757,0.902496338,0.0002700257,1.340313e-05,1.88446029e-05,3.18496932e-05,3.048854e-06,5.89453775e-05,aluno3
8:43:58-aluno3-2017-06-19-08:44:01.png,0.116798386,0.8819933,0.0007402657,4.01744364e-05,0.000106475673,9.63209e-05,1.685294e-05,0.000208208963,aluno3
8:44:01-aluno3-2017-06-19-08:44:03.png,0.09164959,0.906851768,0.000900424144,7.935367e-05,3.500171e-05,0.000197987538,5.848101e-06,0.000280054141,aluno3
8:44:03-aluno3-2017-06-19-08:44:06.png,0.0427670367,0.338124961,0.000517729437,0.0230628569,0.008993194,0.5812299,0.0051037916,0.000200506416,aluno3
8:44:04-aluno3-2017-06-19-08:44:06.png,0.0255936477,0.290131181,0.000365231885,0.0236444455,0.005732093,0.650392234,0.003878861,0.000262297079,aluno3
8:44:06-aluno3-2017-06-19-08:44:09.png,0.07671363,0.332213759,0.000591049262,0.0244656373,0.00441223243,0.5566909,0.004632976,0.00027981805,aluno3
8:44:08-aluno3-2017-06-19-08:44:10.png,0.110429749,0.591780245,0.00126345013,0.0128278555,0.00209764182,0.2728592,0.00672675669,0.00201514224,aluno3
8:44:10-aluno3-2017-06-19-08:44:13.png,0.0298992321,0.9638203,0.000122999219,9.95470255e-05,0.0007544639,0.00256073964,0.00234119222,0.000401519763,aluno3
8:44:14-aluno3-2017-06-19-08:44:16.png,0.0161048416,0.8541105,0.00307645462,0.000103252,0.0002660065,0.000751550833,0.0001115271,0.1254759,aluno3
8:44:16-aluno3-2017-06-19-08:44:18.png,0.03347696,0.779486239,0.0100262929,0.000224706091,0.00249103573,0.00163768569,0.00204138341,0.1706157,aluno3
8:44:18-aluno3-2017-06-19-08:44:20.png,0.0353433937,0.8332578,0.009314892,0.000138763819,0.001705969,0.000911918469,0.0006846407,0.118642613,aluno3
8:44:20-aluno3-2017-06-19-08:44:23.png,0.0325760953,0.786429048,0.004535405,0.000133746726,0.00137441163,0.002226981,0.00247637229,0.170247927,aluno3
8:44:22-aluno3-2017-06-19-08:44:24.png,0.0452269055,0.7315476,0.00723578,0.000219152935,0.00148039381,0.00119692879,0.00127468922,0.211818546,aluno3
8:44:24-aluno3-2017-06-19-08:44:26.png,0.0387884155,0.75932914,0.009401489,0.000286327122,0.003539958,0.00152902852,0.001515309,0.185610339,aluno3
8:44:26-aluno3-2017-06-19-08:44:29.png,0.04581875,0.7188253,0.0100592859,0.000241560454,0.002185394,0.00181094173,0.00181460334,0.219244167,aluno3
8:44:28-aluno3-2017-06-19-08:44:31.png,0.06443592,0.731390655,0.00319787627,9.111248e-05,0.0006020757,0.00136103772,0.00131184014,0.197609514,aluno3
8:44:30-aluno3-2017-06-19-08:44:33.png,0.03617833,0.750977337,0.00116784521,0.00369721,0.000481648865,0.2025508,0.00222745957,0.00271938229,aluno3
8:44:32-aluno3-2017-06-19-08:44:34.png,0.03310761,0.9366991,0.000217380031,6.422286e-05,0.000335666555,0.006459738,0.02079704,0.00231927983,aluno3
8:44:34-aluno3-2017-06-19-08:44:38.png,0.0144244889,0.984019458,0.000842022768,2.8113609e-05,4.45951955e-05,9.32457e-05,3.35040522e-06,0.000544751,aluno3
8:44:36-aluno3-2017-06-19-08:44:39.png,0.0358072557,0.962722361,0.0006807794,7.521666e-05,0.000106697458,0.000177776965,7.58658553e-06,0.000422353362,aluno3
8:44:38-aluno3-2017-06-19-08:44:41.png,0.05153153,0.9473739,0.0005587803,5.425983e-05,9.24169362e-05,0.000154456648,9.128255e-06,0.0002255004,aluno3
8:44:40-aluno3-2017-06-19-08:44:43.png,0.07212692,0.924873352,0.001262721,0.000209786624,0.000214640764,0.000451514119,2.38184912e-05,0.000837249565,aluno3
8:44:42-aluno3-2017-06-19-08:44:45.png,0.008434172,0.9911164,0.000283898524,6.31523e-06,5.52794736e-05,2.38942866e-05,1.49404821e-06,7.853247e-05,aluno3
8:44:44-aluno3-2017-06-19-08:44:46.png,0.0124405557,0.979724944,0.00476623559,0.000266333343,0.000208869678,0.0006130222,3.397862e-05,0.00194603391,aluno3
8:44:46-aluno3-2017-06-19-08:44:48.png,0.0657732561,0.9338111,0.000221505,1.35654227e-05,2.60568286e-05,6.448303e-05,6.983587e-06,8.300863e-05,aluno3
8:44:48-aluno3-2017-06-19-08:44:51.png,0.08307429,0.902449846,0.00775353145,0.0003353516,0.000446802762,0.000112475573,1.688847e-05,0.005810844,aluno3
8:44:50-aluno3-2017-06-19-08:44:53.png,0.167841181,0.8230338,0.000756728637,0.002697794,0.000925963337,0.00379889039,0.000481829658,0.000463786622,aluno3
8:44:54-aluno3-2017-06-19-08:44:57.png,0.008053846,0.9910624,0.0002070142,0.000164819,6.0326096e-05,0.0003394429,1.489438e-05,9.723403e-05,aluno3
8:44:56-aluno3-2017-06-19-08:44:59.png,0.061699532,0.9282513,0.006590729,0.000289888936,0.00043351794,0.000458416645,9.096654e-05,0.00218562,aluno3
8:44:58-aluno3-2017-06-19-08:45:01.png,0.29700613,0.70056957,0.0008045021,0.000372985378,0.000426785671,0.0001579898,3.34826764e-05,0.0006285326,aluno3
8:45:00-aluno3-2017-06-19-08:45:03.png,0.41118294,0.5862973,0.00113734161,0.0003666847,0.000200770708,0.0003546209,0.000154197187,0.0003061499,aluno3
8:45:02-aluno3-2017-06-19-08:45:05.png,0.08512987,0.627274752,0.2719647,0.00123182568,0.0005323756,0.000183141354,2.03234576e-05,0.0136630218,aluno3
8:45:04-aluno3-2017-06-19-08:45:07.png,0.2103763,0.787236333,0.0008921095,0.000224616117,0.000182735646,0.000341902749,8.525189e-05,0.0006607642,aluno3
8:45:06-aluno3-2017-06-19-08:45:08.png,0.0178913474,0.97834295,0.00215050578,4.92810359e-05,0.000156114358,1.86860016e-05,1.01660851e-06,0.00139012164,aluno3
8:45:08-aluno3-2017-06-19-08:45:11.png,0.111528158,0.88221705,4.1851883e-05,1.30663466e-05,0.000261183683,0.002564454,0.00326033914,0.000113888746,aluno3
8:45:10-aluno3-2017-06-19-08:45:12.png,0.150101885,0.84961015,1.49107427e-05,2.31556851e-06,0.000104053521,6.556568e-05,4.936411e-05,5.17708468e-05,aluno3
8:45:12-aluno3-2017-06-19-08:45:14.png,0.6952319,0.2861428,0.000271605881,2.0919364e-05,5.79056032e-05,0.00379879214,0.0142723341,0.000203755029,aluno3
8:45:14-aluno3-2017-06-19-08:45:17.png,0.315995634,0.6747749,0.002360472,0.00106791675,0.00029633884,0.005010911,0.0002518091,0.000242014692,aluno3
8:45:16-aluno3-2017-06-19-08:45:19.png,0.0208659172,0.0824997053,0.00204380625,0.000217387715,0.000205643155,0.00162861,8.01846254e-05,0.892458737,aluno3
8:45:18-aluno3-2017-06-19-08:45:22.png,0.132268459,0.461593151,0.00263185985,0.0005841189,0.000101250465,0.00405708328,3.10899777e-05,0.398733,aluno3
8:45:20-aluno3-2017-06-19-08:45:23.png,0.00379710086,0.213756487,0.00127375219,2.61388614e-05,4.518932e-05,0.001038538,2.03896452e-05,0.7800424,aluno3
8:45:22-aluno3-2017-06-19-08:45:41.png,0.00524977548,0.106800705,0.003645003,2.376293e-05,4.90577149e-05,0.000484868477,2.54153474e-05,0.8837214,aluno3
8:45:24-aluno3-2017-06-19-08:45:52.png,0.005163893,0.128277287,0.00213945261,4.27993145e-05,4.97495967e-05,0.00072035304,4.50321968e-05,0.863561451,aluno3
8:45:26-aluno3-2017-06-19-08:45:48.png,0.0262337811,0.199243754,0.008635338,8.541434e-05,0.000151674467,0.00113034446,0.0001879604,0.7643317,aluno3
8:45:28-aluno3-2017-06-19-08:45:47.png,0.0004940276,0.0295810141,0.0045872787,2.35382577e-05,3.27585149e-05,0.0005990655,7.57042062e-06,0.9646748,aluno3
8:45:30-aluno3-2017-06-19-08:45:52.png,0.000107262436,0.00746177044,0.000481790834,1.64766936e-06,2.57183319e-06,0.000100175428,5.371139e-07,0.991844237,aluno3
8:45:32-aluno3-2017-06-19-08:45:46.png,0.00127825781,0.0324069522,0.008555018,7.236003e-05,7.8473895e-05,0.0002952589,1.34956981e-05,0.9573002,aluno3
8:45:34-aluno3-2017-06-19-08:45:46.png,0.00200177822,0.110295542,0.00174022361,1.66831542e-05,2.91704255e-05,0.0006082298,3.486445e-05,0.8852735,aluno3
8:45:36-aluno3-2017-06-19-08:45:50.png,0.000198569061,0.008670894,0.000205313176,1.53804569e-06,4.734362e-06,8.871111e-05,2.893279e-06,0.9908273,aluno3
8:45:38-aluno3-2017-06-19-08:45:50.png,0.03851001,0.499208719,0.00187189155,0.00068665453,0.000924379856,0.0312780328,0.000458070572,0.427062243,aluno3
8:45:40-aluno3-2017-06-19-08:45:54.png,0.08377144,0.8903644,0.00500115938,0.0005051772,0.0006258998,0.001426157,0.0002092904,0.0180964842,aluno3
8:45:42-aluno3-2017-06-19-08:45:50.png,0.0950502455,0.879253447,0.00211609853,0.0009800172,0.00128390221,0.00796723,0.00108874345,0.0122603439,aluno3
8:45:45-aluno3-2017-06-19-08:45:52.png,0.06469148,0.7099405,0.00037703017,0.0130647793,0.00225522975,0.205464244,0.00360216666,0.0006045732,aluno3
8:45:46-aluno3-2017-06-19-08:45:50.png,0.05012169,0.942918956,0.00270429952,0.000248756027,0.000194668886,0.000386085652,3.22036867e-05,0.00339334924,aluno3
8:45:48-aluno3-2017-06-19-08:45:52.png,0.172629848,0.820353866,0.004682748,0.00040357167,0.000350423885,0.000114418384,1.01992928e-05,0.00145494554,aluno3
8:45:50-aluno3-2017-06-19-08:45:53.png,0.0896731541,0.9061506,0.00224551442,0.000224775446,0.00063622056,0.000109041284,9.993406e-06,0.0009507363,aluno3
8:45:52-aluno3-2017-06-19-08:45:56.png,0.0290630627,0.965438843,0.003707251,0.0002692016,0.00132250169,7.101936e-05,6.2258996e-06,0.000121894234,aluno3
8:45:54-aluno3-2017-06-19-08:45:57.png,0.04909349,0.437048763,0.0008542318,0.039734602,0.007236733,0.463248342,0.001624317,0.00115953479,aluno3
8:45:56-aluno3-2017-06-19-08:45:59.png,0.009170785,0.789063156,0.00261500967,0.0003162664,0.0008436232,0.05882653,0.00107719167,0.138087466,aluno3
8:45:58-aluno3-2017-06-19-08:46:01.png,0.04860107,0.937826931,0.0008628957,0.000486818259,0.0010393234,0.00767313223,0.00229876745,0.00121107767,aluno3
8:46:00-aluno3-2017-06-19-08:46:03.png,0.08616391,0.8930254,0.000636880868,0.000913757831,0.004793322,0.00732525857,0.006606072,0.0005354244,aluno3
8:46:02-aluno3-2017-06-19-08:46:05.png,0.09768492,0.89897424,0.0008607199,0.00026925368,0.0003892985,0.0006848815,9.818444e-05,0.0010385036,aluno3
8:46:04-aluno3-2017-06-19-08:46:08.png,0.0282103438,0.9699749,0.000378384575,7.55118162e-05,0.000139708209,0.000544673239,3.54210533e-05,0.000641069841,aluno3
8:46:06-aluno3-2017-06-19-08:46:08.png,0.0446746163,0.9518663,0.00091429404,0.000153648391,0.000242164475,0.000328504568,2.6730253e-05,0.0017937409,aluno3
8:46:08-aluno3-2017-06-19-08:46:11.png,0.0690262541,0.6004336,0.00177105854,0.00131144293,0.00271506747,0.285374463,0.0186828673,0.020685276,aluno3
8:46:12-aluno3-2017-06-19-08:46:15.png,0.0136205666,0.9842473,0.0002352774,0.000141641329,2.76161518e-05,0.00117739721,8.284841e-05,0.000467349339,aluno3
8:46:14-aluno3-2017-06-19-08:46:17.png,0.005485606,0.9944553,1.911757e-05,1.46760419e-06,1.1930764e-06,3.489388e-05,1.29440537e-06,1.17737875e-06,aluno3
8:46:16-aluno3-2017-06-19-08:46:18.png,0.0111295134,0.988637,0.0001710934,3.224377e-06,5.386142e-07,2.0300442e-05,3.75339766e-07,3.795741e-05,aluno3
8:46:18-aluno3-2017-06-19-08:46:21.png,0.01262806,0.9864887,0.0007246924,1.43162688e-05,7.55560632e-06,3.98265838e-05,8.816747e-07,9.596216e-05,aluno3
8:46:20-aluno3-2017-06-19-08:46:23.png,0.0010332216,0.9972837,7.391976e-05,1.4162968e-05,2.21962182e-05,0.00045244908,4.84855946e-06,0.00111548416,aluno3
8:46:22-aluno3-2017-06-19-08:46:25.png,0.0269309971,0.97097975,0.00110570493,6.704658e-05,8.70031945e-05,0.0003058642,2.59893586e-05,0.00049765833,aluno3
8:46:24-aluno3-2017-06-19-08:46:27.png,0.0214037914,0.9533267,0.021682689,0.000333782955,0.0009631306,9.469873e-05,4.57763463e-06,0.00219061971,aluno3
8:46:26-aluno3-2017-06-19-08:46:29.png,0.06895431,0.928770065,0.00145498011,4.95485219e-05,8.455555e-05,3.45065564e-05,3.501359e-06,0.000648513,aluno3
8:46:28-aluno3-2017-06-19-08:46:31.png,0.357779771,0.6402027,0.0006171062,0.0001958751,0.000142184377,0.0006652253,0.000225326192,0.000171786363,aluno3
8:46:30-aluno3-2017-06-19-08:46:32.png,0.288018227,0.709239662,0.00166595844,0.000226449891,0.000194754568,0.00025387996,8.409491e-05,0.000316951046,aluno3
8:46:32-aluno3-2017-06-19-08:46:34.png,0.157682434,0.837110937,0.00242940336,0.000278118765,0.000192912354,0.0003512942,6.899894e-05,0.00188593217,aluno3
8:46:34-aluno3-2017-06-19-08:46:36.png,0.547684669,0.394184619,0.00806219,0.02121262,0.0230466221,0.00154841586,0.00325599383,0.00100485864,aluno3
8:46:36-aluno3-2017-06-19-08:46:38.png,0.5588189,0.43609187,0.000328560418,0.00133037416,0.001269004,0.0006907961,0.0009311152,0.000539401255,aluno3
8:46:38-aluno3-2017-06-19-08:46:41.png,0.23279573,0.5095639,0.00139905734,0.0202233773,0.00194218208,0.219809383,0.0140630705,0.000203299249,aluno3
8:46:42-aluno3-2017-06-19-08:46:45.png,0.0260622632,0.9084621,0.0011477418,0.00332349935,0.0009778201,0.0561656281,0.0008928926,0.00296802353,aluno3
8:46:44-aluno3-2017-06-19-08:46:46.png,0.100961216,0.8962664,0.00088709977,0.000353493757,9.297519e-05,0.0007093611,3.81377322e-05,0.0006913235,aluno3
8:46:46-aluno3-2017-06-19-08:46:49.png,0.026183242,0.967802167,0.0005626862,0.000240590773,0.0003465895,0.004242854,0.000349705166,0.000272179284,aluno3
8:46:48-aluno3-2017-06-19-08:46:50.png,0.0505677573,0.9478404,0.0008416501,0.000144941092,0.000105131694,0.000169871724,5.476361e-06,0.000324789056,aluno3
8:46:50-aluno3-2017-06-19-08:46:52.png,0.00539140264,0.9844291,0.009283085,2.71622321e-05,6.312675e-05,8.075724e-06,1.74595058e-07,0.0007978709,aluno3
8:46:52-aluno3-2017-06-19-08:46:54.png,0.649519563,0.1701355,0.03286064,0.03159321,0.112854831,0.00144955039,0.00133799785,0.000248714059,aluno3
8:46:54-aluno3-2017-06-19-08:46:56.png,0.358238429,0.276018,0.00708580855,0.09508024,0.08770821,0.155092984,0.0205892324,0.000187095575,aluno3
8:46:56-aluno3-2017-06-19-08:46:58.png,0.01335845,0.9843077,0.001185623,2.39937472e-05,2.08565889e-05,9.102484e-06,2.867163e-07,0.00109399843,aluno3
8:46:58-aluno3-2017-06-19-08:47:01.png,0.153782353,0.7163247,0.000216068,8.335186e-05,0.0001516368,0.00294918614,0.002009554,0.12448319,aluno3
8:47:00-aluno3-2017-06-19-08:47:03.png,0.35643965,0.523046732,0.000360511069,0.0005597337,0.00040441376,0.00743606966,0.00269388268,0.109059036,aluno3
8:47:02-aluno3-2017-06-19-08:47:05.png,0.172189012,0.8139108,0.000292228273,0.000191048341,0.0005287827,0.00433346955,0.00216974248,0.006384938,aluno3
8:47:04-aluno3-2017-06-19-08:47:08.png,0.0396290123,0.959347844,0.0006933194,2.65276358e-05,3.9737035e-05,5.656547e-05,5.11312828e-06,0.00020188409,aluno3
8:47:06-aluno3-2017-06-19-08:47:09.png,0.00704349857,0.828135431,0.162175924,0.00010978683,5.1431718e-05,2.33337159e-05,7.67491e-07,0.00245980965,aluno3
8:47:08-aluno3-2017-06-19-08:47:11.png,0.0161316786,0.395056963,0.0003242463,0.003533397,0.0007757019,0.5818691,0.00147375546,0.0008351364,aluno3
8:47:10-aluno3-2017-06-19-08:47:13.png,0.0233897157,0.7540431,0.167832136,0.00511665037,0.001178956,0.0186458435,0.0009135035,0.0288801026,aluno3
8:47:12-aluno3-2017-06-19-08:47:15.png,0.0337782726,0.906008,0.0585800372,0.00014515486,7.820547e-05,2.03426371e-05,1.12360442e-06,0.00138885574,aluno3
8:47:14-aluno3-2017-06-19-08:47:16.png,0.07289491,0.848435462,0.00479471637,0.004261984,0.000886008434,0.0575743876,0.00159248838,0.009560053,aluno3
8:47:16-aluno3-2017-06-19-08:47:18.png,0.131949961,0.8641157,0.00107018079,0.000637665566,0.000261206733,0.00141315069,0.000189933926,0.000362174731,aluno3
8:47:19-aluno3-2017-06-19-08:47:22.png,0.164929971,0.798679948,0.000629736343,0.000342313462,0.000591331,0.01350265,0.008498563,0.01282551,aluno3
8:47:20-aluno3-2017-06-19-08:47:23.png,0.11893183,0.8330568,0.00144473929,0.000685309642,0.00106114289,0.0278872121,0.00620305026,0.0107299164,aluno3
8:47:22-aluno3-2017-06-19-08:47:24.png,0.282515764,0.7153933,0.00148696546,0.000164309691,0.000132935456,0.000208822341,2.79851065e-05,6.99165757e-05,aluno3
8:47:24-aluno3-2017-06-19-08:47:27.png,0.298936456,0.6970594,0.00193503825,0.0007974485,0.000935809046,0.00021716491,7.351314e-05,4.517513e-05,aluno3
8:47:26-aluno3-2017-06-19-08:47:29.png,0.3995993,0.5947049,0.00222145952,0.00155547366,0.000957431737,0.000671593647,0.000233847779,5.59538348e-05,aluno3
8:47:30-aluno3-2017-06-19-08:47:32.png,0.03663442,0.9131813,0.024441516,0.0008665526,0.0004774699,0.0005420638,3.91156718e-05,0.0238175876,aluno3
8:47:30-aluno3-2017-06-19-08:47:33.png,0.0300858114,0.7754166,0.1802888,0.000306182,0.000177046764,5.80923552e-05,3.44169871e-06,0.0136640072,aluno3
8:47:32-aluno3-2017-06-19-08:47:34.png,0.0101987133,0.988464,0.00101617177,5.18134148e-05,0.0001263775,3.45850276e-05,2.59376816e-06,0.000105756029,aluno3
8:47:34-aluno3-2017-06-19-08:47:37.png,0.04798797,0.9500337,0.001039161,0.000174982226,0.0004893664,0.000148428167,1.623864e-05,0.000110152127,aluno3
8:47:36-aluno3-2017-06-19-08:47:39.png,0.0153695121,0.9823476,0.000460325478,6.96857751e-05,1.94905042e-05,0.000206892961,3.80520942e-06,0.0015226705,aluno3
8:47:38-aluno3-2017-06-19-08:47:40.png,0.0002747939,0.199294671,0.0004420219,0.00115440181,0.0004476249,0.726787031,2.590208e-05,0.0715735853,aluno3
8:47:40-aluno3-2017-06-19-08:47:42.png,0.00236039539,0.0729681849,0.00020536661,0.04436067,0.018436512,0.8598815,0.00105847092,0.0007288882,aluno3
8:47:42-aluno3-2017-06-19-08:47:44.png,0.0347241238,0.945601046,0.00294492883,0.0007306895,0.000206595956,0.005099977,0.000102495032,0.0105901379,aluno3
8:47:44-aluno3-2017-06-19-08:47:46.png,0.07260804,0.9217925,0.0012224298,1.11561194e-05,9.671944e-05,0.00218383945,0.00200548349,7.980545e-05,aluno3
8:47:46-aluno3-2017-06-19-08:47:48.png,0.0488061942,0.9430668,0.00490724342,4.24352475e-05,7.87125e-05,0.00262422441,0.000198928421,0.0002754677,aluno3
8:47:48-aluno3-2017-06-19-08:47:50.png,0.068221204,0.524562061,0.007177,0.00106037874,0.000514201936,0.377569228,0.0150330607,0.00586288841,aluno3
8:47:50-aluno3-2017-06-19-08:47:52.png,0.03651943,0.960720658,0.000740340853,4.30607142e-05,2.47262742e-05,0.00044008554,0.000117173571,0.00139451073,aluno3
8:47:52-aluno3-2017-06-19-08:47:54.png,0.0152379135,0.983030856,0.0005386798,4.13062444e-05,3.336664e-05,0.00031507152,3.25641231e-05,0.0007702322,aluno3
8:47:54-aluno3-2017-06-19-08:47:56.png,0.03061236,0.9669663,0.0007007753,5.216605e-05,4.83601361e-05,0.000400339835,8.36572144e-05,0.00113607862,aluno3
8:47:56-aluno3-2017-06-19-08:47:58.png,0.0924506,0.9005042,0.00184290751,0.000391385023,0.000381172547,0.0007155756,0.000143010329,0.003571166,aluno3
8:47:58-aluno3-2017-06-19-08:48:01.png,0.0342178047,0.9624543,0.00140712655,0.000153270579,0.000176571237,0.000749775,9.857857e-05,0.000742536737,aluno3
8:48:00-aluno3-2017-06-19-08:48:02.png,0.0415222533,0.955798149,0.000712362234,0.000116623349,0.000115938026,0.0005131031,7.625201e-05,0.001145323,aluno3
8:48:02-aluno3-2017-06-19-08:48:04.png,0.0384561121,0.956468165,0.001053512,0.000330066279,0.000453556044,0.000916419842,0.000156968861,0.00216521928,aluno3
8:48:04-aluno3-2017-06-19-08:48:06.png,0.047113426,0.9474561,0.000903049,0.000264019618,0.0003933033,0.0007030351,0.000127552761,0.00303949788,aluno3
8:48:06-aluno3-2017-06-19-08:48:08.png,0.0052766,0.937716067,0.0119471075,0.00089176296,0.000172234679,0.0153804841,4.3766493e-05,0.0285719931,aluno3
8:48:08-aluno3-2017-06-19-08:48:10.png,0.0005310613,0.997003436,0.00126309844,6.11906e-07,1.33188632e-06,2.09996847e-06,7.710903e-09,0.00119834358,aluno3
8:48:10-aluno3-2017-06-19-08:48:12.png,0.144248009,0.8379835,0.00161004707,0.00293294271,0.0006301128,0.009110279,0.001032285,0.002452845,aluno3
8:48:12-aluno3-2017-06-19-08:48:14.png,0.007096902,0.98425734,0.005760921,7.813839e-05,0.000138766656,3.736357e-05,8.112432e-07,0.00262973574,aluno3
8:48:14-aluno3-2017-06-19-08:48:17.png,0.595845938,0.3146845,0.000390155881,0.00116734242,0.000363678439,0.06260502,0.0108609907,0.0140823759,aluno3
8:48:16-aluno3-2017-06-19-08:48:19.png,0.132309332,0.7486068,6.916307e-05,2.346016e-05,4.47342281e-05,0.00457524229,0.112848677,0.00152259937,aluno3
8:48:18-aluno3-2017-06-19-08:48:21.png,0.06987266,0.875069559,0.0002087464,0.0002755468,0.00063447823,0.0120815681,0.04149514,0.0003623273,aluno3
8:48:20-aluno3-2017-06-19-08:48:23.png,0.0670335442,0.9210387,8.472229e-05,3.211399e-05,0.000138935473,0.0020091536,0.008818223,0.0008446353,aluno3
8:48:22-aluno3-2017-06-19-08:48:24.png,0.0439817645,0.950305641,3.346047e-05,1.90534229e-05,5.04003619e-05,0.00237311679,0.002700561,0.000536003034,aluno3
8:48:24-aluno3-2017-06-19-08:48:26.png,0.0006810413,0.977385342,0.00165146566,1.68146853e-05,4.460422e-06,4.59941621e-05,3.93162452e-07,0.02021448,aluno3
8:48:26-aluno3-2017-06-19-08:48:28.png,0.03140895,0.961911142,0.00162339222,0.000299179665,0.000158094146,0.003751647,2.19305657e-05,0.0008256552,aluno3
8:48:28-aluno3-2017-06-19-08:48:30.png,0.0243815221,0.9312162,0.03643262,0.00101414078,0.0008764947,0.00234824466,0.000181813637,0.00354899466,aluno3
8:48:30-aluno3-2017-06-19-08:48:32.png,0.028364813,0.9595267,0.00601315452,0.000464866433,0.000520487665,0.003338762,0.000183642944,0.001587562,aluno3
8:48:32-aluno3-2017-06-19-08:48:34.png,0.0173068512,0.930809259,0.0252159964,0.0003417504,0.000313438562,0.0007771986,6.1487066e-05,0.02517402,aluno3
8:48:34-aluno3-2017-06-19-08:48:36.png,0.01233679,0.9855456,0.0008176636,5.96509526e-05,7.59625e-05,0.0006760825,1.75993227e-05,0.000470703235,aluno3
8:48:36-aluno3-2017-06-19-08:48:39.png,0.0124998614,0.9841964,0.000175834546,0.000135669572,0.000197352128,0.00266939634,7.253632e-05,5.291154e-05,aluno3
8:48:38-aluno3-2017-06-19-08:48:41.png,0.007683696,0.991867542,0.0001649916,8.606221e-06,5.62423047e-05,0.000191546249,1.25565857e-05,1.48036288e-05,aluno3
8:48:40-aluno3-2017-06-19-08:48:43.png,0.0386033431,0.9561333,0.002334569,0.000365701417,0.000214495725,0.00164167886,8.017229e-05,0.0006267309,aluno3
8:48:42-aluno3-2017-06-19-08:48:44.png,0.01784064,0.961726665,0.0107983807,0.0005505055,0.000474888628,0.000755693647,3.438763e-05,0.007818834,aluno3
8:48:44-aluno3-2017-06-19-08:48:46.png,0.0229419619,0.972771764,0.000707093568,0.0006676163,0.0004342763,0.0018669843,7.387651e-05,0.0005363998,aluno3
8:48:46-aluno3-2017-06-19-08:48:48.png,0.01482872,0.783124149,0.000421337754,0.004306437,0.00033296374,0.196007639,0.0003378313,0.0006409395,aluno3
8:48:49-aluno3-2017-06-19-08:48:51.png,0.005216448,0.9945399,6.816149e-05,1.710519e-05,2.13539988e-05,8.522502e-05,2.93701646e-06,4.88686965e-05,aluno3
8:48:50-aluno3-2017-06-19-08:48:52.png,0.0115934061,0.986711442,0.000860623666,2.50204012e-05,4.300464e-05,2.88938754e-05,1.28400984e-06,0.0007363425,aluno3
8:48:52-aluno3-2017-06-19-08:48:54.png,0.0147486962,0.9701819,0.00371198775,0.000145352082,0.000248286233,0.000824931369,8.40805e-05,0.0100547923,aluno3
8:48:54-aluno3-2017-06-19-08:48:56.png,0.008939731,0.987552643,0.0015473,2.08637539e-05,0.00010345169,8.954671e-05,4.83682061e-06,0.001741625,aluno3
8:48:56-aluno3-2017-06-19-08:48:58.png,0.008229217,0.988791466,0.00115395826,1.01726482e-05,3.553923e-05,3.29800059e-05,1.15392572e-06,0.00174551364,aluno3
8:48:58-aluno3-2017-06-19-08:49:00.png,0.0208841767,0.9772352,0.00122785033,1.9001056e-05,0.000137735507,9.055754e-05,9.130031e-06,0.000396343385,aluno3
8:49:00-aluno3-2017-06-19-08:49:02.png,0.0298762843,0.968053937,0.00116349792,4.00552271e-05,0.0003101902,0.000124881961,1.921966e-05,0.000411924033,aluno3
8:49:02-aluno3-2017-06-19-08:49:04.png,0.0162161682,0.9779288,0.00282628788,4.748346e-05,0.0002690711,9.996933e-05,1.01113355e-05,0.00260206521,aluno3
8:49:06-aluno3-2017-06-19-08:49:08.png,0.00665271236,0.9889974,0.00164105883,3.15214456e-05,0.000191623592,8.08385448e-05,4.40753774e-06,0.00240045763,aluno3
8:49:08-aluno3-2017-06-19-08:49:11.png,0.0450210646,0.953591,0.0007574541,2.17999e-05,0.000100530793,0.0002400173,4.9498165e-05,0.000218652887,aluno3
8:49:10-aluno3-2017-06-19-08:49:12.png,0.011959251,0.983039737,0.0017340068,0.000158907511,0.0015303666,0.000399531535,2.12168834e-05,0.00115699379,aluno3
8:49:12-aluno3-2017-06-19-08:49:14.png,0.01643756,0.980244458,0.00183487858,0.000106301566,0.000666256,0.00010822052,6.362681e-06,0.000595954654,aluno3
8:49:14-aluno3-2017-06-19-08:49:17.png,0.0525705181,0.9458277,0.0004723022,3.20313266e-05,0.000102176418,0.000538890366,0.00018751192,0.000268861884,aluno3
8:49:16-aluno3-2017-06-19-08:49:18.png,0.0222383123,0.9769506,0.000489895348,3.4586832e-05,7.482971e-05,4.976525e-05,2.24802443e-06,0.000159786417,aluno3
8:49:18-aluno3-2017-06-19-08:49:21.png,0.161183655,0.837147,0.00100850663,0.0003183847,0.000101203244,0.000166537357,2.684193e-05,4.786214e-05,aluno3
8:49:20-aluno3-2017-06-19-08:49:22.png,0.0283562653,0.9693996,0.000246275857,0.000387277134,0.0007816725,0.0006167013,0.000134929767,7.732567e-05,aluno3
8:49:23-aluno3-2017-06-19-08:49:26.png,0.0155366817,0.9817477,0.00016120456,0.000482303556,0.000221107985,0.001600487,7.766374e-05,0.000172837434,aluno3
8:49:24-aluno3-2017-06-19-08:49:27.png,0.0122647509,0.585653663,0.0005474879,0.01509278,0.00526900543,0.3780078,0.00148289115,0.00168159907,aluno3
8:49:28-aluno3-2017-06-19-08:49:30.png,0.00519442046,0.9934562,0.00117575575,1.50148862e-05,2.85110236e-05,6.997543e-06,1.04091896e-07,0.000123016362,aluno3
8:49:28-aluno3-2017-06-19-08:49:31.png,0.00726947375,0.99079293,0.00165699888,2.78999923e-05,7.222835e-05,2.67271662e-05,5.903066e-07,0.0001531675,aluno3
8:49:30-aluno3-2017-06-19-08:49:32.png,0.009105183,0.9837599,0.003087736,5.569364e-05,7.967132e-05,2.42355236e-05,5.35016966e-07,0.00388709013,aluno3
8:49:34-aluno3-2017-06-19-08:49:37.png,0.5491299,0.429966,0.00138443394,0.006558324,0.000629687042,0.007814876,0.00441245828,0.0001043174,aluno3
8:49:36-aluno3-2017-06-19-08:49:39.png,0.0896298662,0.9059412,0.00256918161,0.0002351258,7.860886e-05,2.44329331e-05,2.068014e-06,0.00151952973,aluno3
8:49:38-aluno3-2017-06-19-08:49:41.png,0.022050092,0.9774336,0.000274255872,3.767131e-05,5.77441933e-05,0.000103004182,6.342851e-06,3.72671e-05,aluno3
8:49:40-aluno3-2017-06-19-08:49:42.png,0.04581206,0.931729436,0.0003886536,0.000211818959,0.0001998371,0.008530799,0.00066722167,0.012460202,aluno3
8:49:42-aluno3-2017-06-19-08:49:45.png,0.4904021,0.459810972,0.000150395266,0.000110576,0.000156958879,0.0293123741,0.0196528584,0.00040377726,aluno3
8:49:44-aluno3-2017-06-19-08:49:46.png,0.0403994061,0.958762348,5.30542275e-05,1.16412039e-05,0.00015642865,0.00028782335,0.000186262463,0.000143014375,aluno3
8:49:46-aluno3-2017-06-19-08:49:48.png,0.0404816866,0.9562908,0.000237859742,3.562009e-05,0.000460867042,0.0006826143,0.0006814864,0.00112908287,aluno3
8:49:48-aluno3-2017-06-19-08:49:50.png,0.0300541818,0.7915931,0.00125792623,0.008752874,0.00143200089,0.163934872,0.0008029021,0.002172163,aluno3
8:49:50-aluno3-2017-06-19-08:49:52.png,0.0198381189,0.9720563,0.0016081424,0.00166952,0.00159972638,0.00223190966,0.000116352436,0.000879891042,aluno3
8:49:52-aluno3-2017-06-19-08:49:55.png,0.222276583,0.738347352,0.0005660687,0.000155255388,0.000517683337,0.009324661,0.0273565911,0.00145578035,aluno3
8:49:54-aluno3-2017-06-19-08:49:56.png,0.462833375,0.426925272,0.00084389234,0.0005498534,0.000606512069,0.0647647753,0.040764913,0.00271139457,aluno3
8:49:56-aluno3-2017-06-19-08:49:59.png,0.05647955,0.940608,0.00202576281,3.75131567e-05,4.381577e-05,0.0006265713,3.604077e-05,0.00014274806,aluno3
8:49:58-aluno3-2017-06-19-08:50:00.png,0.0420546457,0.740714,0.000718521536,0.005030276,0.0004950534,0.206736654,0.00174306333,0.002507767,aluno3
8:50:00-aluno3-2017-06-19-08:50:02.png,0.0406973176,0.9525421,0.000319252926,0.000270414137,3.97137665e-05,0.005323263,0.00010698734,0.000700902136,aluno3
8:50:02-aluno3-2017-06-19-08:50:04.png,0.0146703068,0.8702337,0.112909272,9.64361e-05,3.81458558e-05,3.080996e-05,1.860172e-06,0.00201944332,aluno3
8:50:04-aluno3-2017-06-19-08:50:06.png,0.0366955474,0.9623775,0.000396376738,4.79099035e-05,3.2255808e-05,3.92982947e-05,2.76336573e-06,0.000408378372,aluno3
8:50:06-aluno3-2017-06-19-08:50:09.png,0.00576864136,0.9420853,0.0517293252,3.469243e-05,2.95970767e-05,7.07673871e-06,1.50994609e-07,0.000345197768,aluno3
8:50:08-aluno3-2017-06-19-08:50:10.png,0.0140548963,0.9822489,0.0027175555,4.985253e-05,0.000107368192,6.351304e-05,4.19598473e-06,0.00075374177,aluno3
8:50:10-aluno3-2017-06-19-08:50:13.png,0.02065591,0.9766853,0.00133445929,0.000104324754,0.000135023249,0.000352525123,1.10119927e-05,0.0007214882,aluno3
8:50:12-aluno3-2017-06-19-08:50:14.png,0.00510487659,0.9935676,0.000128727479,1.40124348e-05,0.000105980675,9.431332e-05,9.037859e-07,0.0009836094,aluno3
8:50:14-aluno3-2017-06-19-08:50:16.png,0.027346747,0.9547752,0.0162909124,0.000185197816,0.000140661228,0.000116290183,7.43999863e-06,0.00113750971,aluno3
8:50:16-aluno3-2017-06-19-08:50:18.png,0.03990081,0.731614649,0.216392383,0.00102156482,0.000312605524,0.0002258004,2.26115753e-05,0.01050958,aluno3
8:50:18-aluno3-2017-06-19-08:50:20.png,0.0589741245,0.7423517,0.187510014,0.002053699,0.0006226818,0.000837846,9.7297976e-05,0.00755261164,aluno3
8:50:20-aluno3-2017-06-19-08:50:23.png,0.0430421866,0.9540401,0.00179622974,6.2492516e-05,4.95373024e-05,9.775581e-05,5.30088664e-06,0.00090636086,aluno3
8:50:22-aluno3-2017-06-19-08:50:24.png,0.07708904,0.9162057,0.003504535,0.000212727376,0.000160642754,6.63432947e-05,4.747438e-06,0.00275622914,aluno3
8:50:24-aluno3-2017-06-19-08:50:27.png,0.114485271,0.862533867,0.00129176455,0.00180189114,0.00068461505,0.0154934684,0.00129755645,0.0024115555,aluno3
8:50:26-aluno3-2017-06-19-08:50:28.png,0.0311023351,0.9163485,0.001202609,0.00272389059,0.000303447829,0.04694181,0.000279637781,0.00109775458,aluno3
8:50:28-aluno3-2017-06-19-08:50:30.png,0.0319400132,0.876176,0.0007878728,0.00198452757,0.0002939874,0.08535697,0.00123101613,0.00222958182,aluno3
8:50:30-aluno3-2017-06-19-08:50:33.png,0.030201612,0.9654075,0.0013991798,9.37258e-05,0.00010675237,0.000271622353,1.67038015e-05,0.0025029385,aluno3
8:50:32-aluno3-2017-06-19-08:50:34.png,0.0239024181,0.9735237,0.00133795245,8.534503e-05,4.53859248e-05,6.945785e-05,1.3278119e-06,0.00103441218,aluno3
8:50:34-aluno3-2017-06-19-08:50:37.png,0.0621578433,0.9149634,0.00077224226,0.000647612149,0.000380176731,0.0173500255,0.00173210527,0.001996575,aluno3
8:50:36-aluno3-2017-06-19-08:50:39.png,0.186677992,0.81133,0.000704391336,0.0001402517,0.000124572674,0.000429839885,6.79068544e-05,0.000525018,aluno3
8:50:38-aluno3-2017-06-19-08:50:40.png,0.0747559145,0.922473,0.001025855,0.000245258881,0.000286915572,0.000677519944,7.315848e-05,0.000462355529,aluno3
8:50:40-aluno3-2017-06-19-08:50:43.png,0.0519718044,0.9461295,0.0006366212,0.000237258573,0.000184781034,0.000515187858,3.45218868e-05,0.000290354481,aluno3
8:50:42-aluno3-2017-06-19-08:50:44.png,0.158441558,0.8386203,0.0008324246,0.0002724639,0.000144740639,0.000907516049,0.000155365517,0.0006256205,aluno3
8:50:44-aluno3-2017-06-19-08:50:47.png,0.0309986789,0.935768,0.00253978674,0.000125091508,7.99776753e-05,0.000157416391,1.06663647e-05,0.0303203575,aluno3
8:50:48-aluno3-2017-06-19-08:50:50.png,0.02109153,0.9770429,0.000374216,4.08598426e-05,0.000117186777,0.000384829618,2.48586366e-05,0.00092363375,aluno3
8:50:50-aluno3-2017-06-19-08:50:52.png,0.0545841753,0.94330585,0.000455919537,0.000191523883,6.220954e-05,0.000913319062,3.86528736e-05,0.0004483241,aluno3
8:50:50-aluno3-2017-06-19-08:50:53.png,0.121061556,0.8704703,0.0008202503,0.000561096356,0.0004885296,0.004332946,0.000570874545,0.0016944888,aluno3
8:50:52-aluno3-2017-06-19-08:50:55.png,0.1738233,0.8046888,0.000346131739,0.000260243425,0.000407615,0.0104183629,0.008463432,0.00159211189,aluno3
8:50:54-aluno3-2017-06-19-08:50:56.png,0.0867864862,0.6993307,0.00039975706,0.007214623,0.000727097562,0.202587709,0.00217345078,0.0007802099,aluno3
8:50:56-aluno3-2017-06-19-08:50:59.png,0.04921228,0.9426733,0.00341867167,0.000350911258,0.000204511845,0.0004147699,3.46832749e-05,0.00369084347,aluno3
8:50:58-aluno3-2017-06-19-08:51:00.png,0.0491852574,0.9409103,0.00139989669,0.00111887429,0.001128745,0.00382796046,0.000459974,0.00196899241,aluno3
8:51:00-aluno3-2017-06-19-08:51:03.png,0.07167831,0.8678202,0.000869067851,0.006215241,0.001986804,0.0482846349,0.00261472212,0.0005310069,aluno3
8:51:02-aluno3-2017-06-19-08:51:05.png,0.040015474,0.955152333,0.000840896741,0.0006452891,0.00129784609,0.00142263738,0.000189624378,0.000435906317,aluno3
8:51:04-aluno3-2017-06-19-08:51:06.png,0.058494173,0.9216737,0.00246283738,0.00321410666,0.0021979278,0.007065585,0.000894033059,0.003997618,aluno3
8:51:06-aluno3-2017-06-19-08:51:09.png,0.062241666,0.9357389,0.0004447401,0.000311500626,0.000602028333,0.000473514549,7.340259e-05,0.000114199531,aluno3
8:51:08-aluno3-2017-06-19-08:51:10.png,0.06317824,0.9347372,0.0006780816,0.000265563343,0.000350571732,0.000470132567,7.96298846e-05,0.000240578651,aluno3
8:51:10-aluno3-2017-06-19-08:51:13.png,0.02886242,0.970292,0.000406971376,0.00012319212,9.054349e-05,0.000137003866,9.631574e-06,7.828641e-05,aluno3
8:51:12-aluno3-2017-06-19-08:51:15.png,0.03405155,0.964333057,0.000563290552,0.000192874038,0.0002080924,0.000452429376,3.60286467e-05,0.000162693716,aluno3
8:51:14-aluno3-2017-06-19-08:51:16.png,0.0132170627,0.985584855,0.000245627249,5.934052e-05,0.0001588162,0.0004782292,2.82455276e-05,0.0002278376,aluno3
8:51:16-aluno3-2017-06-19-08:51:19.png,0.0238371789,0.9735897,0.0005781791,0.000142945952,0.0002802934,0.000843163638,7.892012e-05,0.000649593247,aluno3
8:51:19-aluno3-2017-06-19-08:51:22.png,0.0167210661,0.851622,0.0009503814,0.00655723736,0.00179094193,0.118858196,0.000840317865,0.00265987474,aluno3
8:51:22-aluno3-2017-06-19-08:51:25.png,0.02830823,0.97101897,0.000210421655,3.51003218e-05,4.02518526e-05,0.000115263952,6.84581346e-06,0.000264941656,aluno3
8:51:24-aluno3-2017-06-19-08:51:26.png,0.022528315,0.8787251,0.0006604292,0.0194438789,0.004885676,0.0720457956,0.00140499487,0.000305830385,aluno3
8:51:28-aluno3-2017-06-19-08:51:30.png,0.009157891,0.980843246,0.00129524339,0.000857428939,0.000930751557,0.00485273,0.000137089868,0.00192562339,aluno3
8:51:29-aluno3-2017-06-19-08:51:31.png,0.0994689241,0.895250261,0.0023109403,0.000441480748,0.001494784,0.0004924933,0.00016407216,0.000377054239,aluno3
8:51:31-aluno3-2017-06-19-08:51:34.png,0.186646909,0.8079376,0.00135295885,0.0008709771,0.002216419,0.000608220929,0.000218667177,0.000148242354,aluno3
8:51:32-aluno3-2017-06-19-08:51:34.png,0.148726732,0.465273768,0.000768883852,0.016891202,0.004607706,0.351076782,0.0124908807,0.000164043959,aluno3
8:51:34-aluno3-2017-06-19-08:51:36.png,0.5808481,0.402329832,0.00538618676,0.00371507416,0.006633316,0.0003488224,0.000368265464,0.000370392867,aluno3
8:51:36-aluno3-2017-06-19-08:51:38.png,0.498287469,0.467613637,0.005160933,0.00553823542,0.0142257456,0.003588287,0.005487789,9.791049e-05,aluno3
8:51:38-aluno3-2017-06-19-08:51:40.png,0.521976769,0.459517866,0.004231775,0.003546415,0.00741485227,0.00149603328,0.001717933,9.835625e-05,aluno3
8:51:40-aluno3-2017-06-19-08:51:42.png,0.5316607,0.458464444,0.00315183634,0.002239074,0.0020166,0.00121981557,0.0009623418,0.000285199465,aluno3
8:51:43-aluno3-2017-06-19-08:51:46.png,0.595450759,0.4022763,0.0005839796,0.0003993576,0.000188759077,0.000611025549,0.00029071208,0.0001991314,aluno3
8:51:44-aluno3-2017-06-19-08:51:47.png,0.393446922,0.604184866,0.000625507266,0.000289694144,0.000167903083,0.0006998231,0.000235759217,0.000349505834,aluno3
8:51:46-aluno3-2017-06-19-08:51:49.png,0.2218024,0.7746878,0.000940506754,0.000368563546,0.000212907427,0.0009449679,0.00016900932,0.000873802463,aluno3
8:51:53-aluno3-2017-06-19-08:51:57.png,0.185870692,0.791498244,0.00513490848,0.0007445893,0.00151206937,0.006204056,0.00095341017,0.008082043,aluno3
8:51:54-aluno3-2017-06-19-08:51:59.png,0.419824749,0.576216757,0.000381432648,3.16475671e-05,0.0002103472,0.00251806551,0.000347979367,0.000469032384,aluno3
8:51:56-aluno3-2017-06-19-08:51:59.png,0.00147390249,0.9822012,0.0012578998,1.11401289e-06,2.948488e-06,3.57528152e-05,4.83137569e-07,0.0150266672,aluno3
8:51:58-aluno3-2017-06-19-08:52:01.png,0.723655641,0.2737636,0.0006767896,6.19589555e-05,0.000474407745,0.000378877769,0.0008087683,0.0001799876,aluno3
8:52:07-aluno3-2017-06-19-08:52:11.png,0.0210408047,0.9603527,0.004766793,0.000253879931,0.0002547307,0.000652876566,3.693274e-05,0.0126412828,aluno3
8:52:08-aluno3-2017-06-19-08:52:12.png,0.09244848,0.872382462,6.09072158e-05,1.13426431e-05,2.97994175e-05,0.0202283468,0.0128559582,0.00198269472,aluno3
8:52:10-aluno3-2017-06-19-08:52:16.png,0.09516241,0.8531715,0.000286635739,9.485438e-05,0.000299942243,0.009305425,0.002724685,0.03895455,aluno3
8:52:12-aluno3-2017-06-19-08:52:19.png,0.0958658,0.87844944,0.0007099481,0.000263340218,0.00110183447,0.00705202576,0.003661384,0.0128962239,aluno3
8:52:14-aluno3-2017-06-19-08:52:17.png,0.09580106,0.8928096,0.000358427525,0.000139851021,0.00108449522,0.00443231454,0.00354282651,0.001831417,aluno3
8:52:16-aluno3-2017-06-19-08:52:19.png,0.176197529,0.7711332,0.0008839588,0.000559003965,0.00179937808,0.0129964212,0.0306616388,0.00576888723,aluno3
8:52:18-aluno3-2017-06-19-08:52:25.png,0.46172145,0.5341397,0.00189772388,0.000950741931,0.000185870827,0.000389285735,0.000230704,0.000484510878,aluno3
8:52:21-aluno3-2017-06-19-08:52:27.png,0.06296417,0.8996303,0.001076062,0.00229123747,0.00652980572,0.0106160473,0.0142455371,0.00264683831,aluno3
8:52:28-aluno3-2017-06-19-08:52:31.png,0.6729297,0.226956919,0.000375611475,0.00031959248,0.0003667971,0.0164801683,0.08012869,0.00244248332,aluno3
8:52:31-aluno3-2017-06-19-08:52:34.png,0.0496148579,0.9480511,0.00074309943,0.000296824641,0.000265035575,0.00032758314,2.82920355e-05,0.000673225732,aluno3
8:52:32-aluno3-2017-06-19-08:52:35.png,0.205598652,0.7582196,0.00113128067,0.0006005345,0.0002895544,0.0175078623,0.00644567376,0.0102068614,aluno3
8:52:35-aluno3-2017-06-19-08:52:38.png,0.207981423,0.7798586,0.000138284842,6.37171252e-05,0.000138046613,0.0105674975,0.00105730467,0.00019512116,aluno3
8:52:37-aluno3-2017-06-19-08:52:41.png,0.06517641,0.896803737,9.63201237e-05,2.50122284e-05,9.974225e-05,0.0357683338,0.001757447,0.0002730024,aluno3
8:52:40-aluno3-2017-06-19-08:52:43.png,0.530961156,0.4482947,0.0001010262,3.299914e-05,0.000180083909,0.00488515431,0.0151493074,0.000395552051,aluno3
8:52:41-aluno3-2017-06-19-08:52:43.png,0.279411823,0.699298441,0.000390748784,5.371661e-05,0.000241889982,0.006076514,0.0127113452,0.00181552838,aluno3
8:52:42-aluno3-2017-06-19-08:52:46.png,0.267430484,0.7099234,4.699221e-05,2.46387754e-05,0.000132037982,0.00317624258,0.0175123382,0.00175387366,aluno3
8:52:44-aluno3-2017-06-19-08:52:47.png,0.0114625841,0.9816379,0.000489757047,9.993878e-05,0.000349113456,0.002086212,0.0009078626,0.00296666077,aluno3
8:52:46-aluno3-2017-06-19-08:52:49.png,0.131512284,0.8653157,0.001429934,0.000270169461,0.000242463051,0.0006561979,0.000107262029,0.00046601033,aluno3
8:52:48-aluno3-2017-06-19-08:52:51.png,0.0250704717,0.971332967,0.00200958271,5.34816e-05,5.041641e-05,4.69740844e-05,2.78074367e-06,0.001433297,aluno3
8:52:50-aluno3-2017-06-19-08:52:53.png,0.1547123,0.836163461,0.00308875181,0.000181688418,0.000118254873,8.08118857e-05,1.20717668e-05,0.00564268231,aluno3
8:52:52-aluno3-2017-06-19-08:52:56.png,0.05955006,0.926797569,0.0009023153,0.00152549508,0.000118453318,0.009383208,0.0003394646,0.00138340564,aluno3
8:52:54-aluno3-2017-06-19-08:52:57.png,0.026655117,0.346265674,0.000241290734,0.0156207066,0.00268766936,0.6072442,0.00112816819,0.000157161281,aluno3
8:52:56-aluno3-2017-06-19-08:52:58.png,0.00347966584,0.995918036,0.00024905536,1.01013738e-05,2.41055368e-05,0.000156520677,4.007762e-06,0.0001584896,aluno3
8:52:58-aluno3-2017-06-19-08:53:01.png,0.02615029,0.8431815,0.0419438,0.0106154345,0.0061638956,0.05225743,0.00237937551,0.0173082873,aluno3
8:53:00-aluno3-2017-06-19-08:53:02.png,0.0118631637,0.529121041,0.000433630339,0.008982421,0.00226389337,0.445615143,0.0008442344,0.0008764863,aluno3
8:53:02-aluno3-2017-06-19-08:53:05.png,0.0428390168,0.899012864,0.00147119246,0.00242992747,0.0007074946,0.05016266,0.00105651689,0.00232029869,aluno3
8:53:04-aluno3-2017-06-19-08:53:07.png,0.04175259,0.956253767,0.000351786235,0.000191238418,0.000190755731,0.000427941559,2.44145886e-05,0.0008074907,aluno3
8:53:06-aluno3-2017-06-19-08:53:08.png,0.0282487534,0.8944368,0.046249222,0.000374936062,0.000253627164,3.04368132e-05,1.54272959e-06,0.0304046851,aluno3
8:53:08-aluno3-2017-06-19-08:53:10.png,0.057837002,0.9400473,0.000553402351,8.943488e-05,0.000337573932,0.0006676109,0.000121241261,0.000346418034,aluno3
8:53:10-aluno3-2017-06-19-08:53:13.png,0.05420664,0.9432152,0.000829847646,0.0001359571,0.000386332569,0.0006310656,0.000125474078,0.0004694899,aluno3
8:53:12-aluno3-2017-06-19-08:53:15.png,0.0793497562,0.914473236,0.0008557233,0.0005601384,0.000411737245,0.00242968439,0.000344574917,0.00157516531,aluno3
8:53:14-aluno3-2017-06-19-08:53:22.png,0.0665375739,0.928458035,0.0006645354,0.000412574562,0.000364742184,0.0023272736,0.000267058844,0.0009682368,aluno3
8:53:17-aluno3-2017-06-19-08:53:26.png,0.209056064,0.7064793,0.000974976167,0.006208154,0.002063938,0.0630239248,0.0113345031,0.000859160558,aluno3
8:53:18-aluno3-2017-06-19-08:53:24.png,0.036522042,0.750239968,0.000735120557,0.007942884,0.000811101054,0.202332631,0.0006798235,0.0007364116,aluno3
8:53:20-aluno3-2017-06-19-08:53:28.png,0.09073883,0.908272743,0.000303220731,0.000101633275,9.104841e-05,0.000278891763,2.38188113e-05,0.000189823448,aluno3
8:53:22-aluno3-2017-06-19-08:53:26.png,0.0412911065,0.9549512,0.00181309937,0.000198895708,0.000122287427,0.000383587758,2.959023e-05,0.00121018046,aluno3
8:53:24-aluno3-2017-06-19-08:53:28.png,0.081065774,0.419455171,0.000747084967,0.0238555782,0.00599215459,0.463225782,0.005261839,0.0003966002,aluno3
8:53:26-aluno3-2017-06-19-08:53:29.png,0.0317186341,0.9634637,0.003337252,9.668093e-05,0.000136829913,4.28499734e-05,2.20993343e-06,0.00120183581,aluno3
8:53:32-aluno3-2017-06-19-08:53:35.png,0.000535047846,0.999190748,0.000177967755,5.570245e-07,7.830682e-07,2.37275162e-05,4.717189e-08,7.112212e-05,aluno3
8:53:34-aluno3-2017-06-19-08:53:37.png,0.138885036,0.832878053,4.51817177e-05,5.025129e-06,1.88477316e-05,0.0124860592,0.0112399235,0.004441872,aluno3
8:53:36-aluno3-2017-06-19-08:53:39.png,0.0264549479,0.9705751,0.000440543168,0.000133036126,6.999796e-05,0.00201099669,4.893967e-05,0.00026641466,aluno3
8:53:38-aluno3-2017-06-19-08:53:41.png,0.04541695,0.942096,0.000616264238,0.0004105291,0.000201082061,0.0102019152,0.0005264747,0.000530760735,aluno3
8:53:40-aluno3-2017-06-19-08:53:43.png,0.0432442,0.9209084,0.0027312492,0.000140846227,4.4388602e-05,0.000241079135,9.679522e-06,0.0326801576,aluno3
8:53:42-aluno3-2017-06-19-08:53:45.png,0.0143054063,0.9847559,0.00036791616,4.846442e-05,7.15923e-05,0.000295930775,7.659472e-06,0.000147167651,aluno3
8:53:44-aluno3-2017-06-19-08:53:47.png,0.00627214741,0.986378551,0.00193296268,1.50795186e-05,1.877772e-05,1.74455345e-05,5.33014259e-07,0.005364494,aluno3
8:53:46-aluno3-2017-06-19-08:53:49.png,0.0151611343,0.9823544,0.00158095825,1.84638047e-05,3.25247456e-05,4.533711e-05,3.17714148e-06,0.0008040089,aluno3
8:53:52-aluno3-2017-06-19-08:53:55.png,0.00610784348,0.9930048,0.0005469115,3.62477e-05,0.000143602432,9.86712e-05,2.74148852e-06,5.921127e-05,aluno3
8:53:54-aluno3-2017-06-19-08:53:57.png,0.100782707,0.8736764,0.013967528,0.00288523617,0.00194709073,0.0033066906,0.0009673423,0.00246697455,aluno3
8:53:56-aluno3-2017-06-19-08:53:58.png,0.0375139266,0.9585553,0.00274418085,0.000199385482,0.000348541565,0.000174785338,1.45450331e-05,0.000449341838,aluno3
8:53:59-aluno3-2017-06-19-08:54:01.png,0.03892893,0.9597938,0.000481370982,5.54779726e-05,9.896151e-05,0.000287789735,2.89557556e-05,0.000324694032,aluno3
8:54:01-aluno3-2017-06-19-08:54:04.png,0.0301606748,0.402556747,0.0003975442,0.0102115916,0.00144927332,0.551760554,0.002965862,0.000497772649,aluno3
8:54:02-aluno3-2017-06-19-08:54:05.png,0.07772578,0.9197728,0.00087871647,0.000246749143,0.000147048937,0.0007316927,6.82275058e-05,0.000428950356,aluno3
8:54:04-aluno3-2017-06-19-08:54:06.png,0.0576188,0.9393748,0.00123882759,0.000154192734,0.000112373651,0.000397022377,3.06208021e-05,0.00107334962,aluno3
8:54:06-aluno3-2017-06-19-08:54:08.png,0.011206612,0.9848858,0.00210326375,3.20959371e-05,4.4776345e-05,6.165003e-05,3.48605317e-06,0.00166230544,aluno3
8:54:08-aluno3-2017-06-19-08:54:10.png,0.00909865648,0.7311143,0.2537029,0.0001407625,2.90204043e-05,3.39491344e-05,5.063536e-07,0.00587984733,aluno3
8:54:10-aluno3-2017-06-19-08:54:13.png,0.00339312386,0.995831966,0.00063,1.13448459e-05,1.75609548e-05,2.30119622e-05,4.09132724e-07,9.256344e-05,aluno3
8:54:12-aluno3-2017-06-19-08:54:15.png,0.008304901,0.989615738,0.0008785433,1.68032038e-05,3.766971e-06,9.700611e-05,8.652481e-07,0.00108238216,aluno3
8:54:14-aluno3-2017-06-19-08:54:17.png,0.04532216,0.9530877,0.0007879232,2.64014725e-05,1.943432e-05,0.0001353664,7.27924225e-06,0.0006137242,aluno3
8:54:16-aluno3-2017-06-19-08:54:19.png,0.0604637526,0.9358136,0.00219860417,5.12902334e-05,2.57715637e-05,0.000130049913,1.3519666e-05,0.00130341772,aluno3
8:54:18-aluno3-2017-06-19-08:54:20.png,0.0512140132,0.947380364,0.0007962308,2.63643851e-05,5.52206366e-05,7.898774e-05,1.446582e-05,0.0004343713,aluno3
8:54:20-aluno3-2017-06-19-08:54:22.png,0.0390171781,0.9320955,0.0200842656,0.000174997724,0.0001048117,0.0004162338,4.09544518e-05,0.008066014,aluno3
8:54:22-aluno3-2017-06-19-08:54:24.png,0.009701162,0.9882477,0.000894297264,2.867551e-05,3.38424434e-05,0.0005022671,1.01309806e-05,0.0005819581,aluno3
8:54:24-aluno3-2017-06-19-08:54:26.png,0.02869223,0.9700576,0.0004833535,1.86623874e-05,1.05550844e-05,0.000266218267,2.61873429e-05,0.000445174024,aluno3
8:54:26-aluno3-2017-06-19-08:54:29.png,0.0149385575,0.984352,0.000303247973,8.83881148e-06,8.119664e-06,0.0001324128,6.22238076e-06,0.000250635843,aluno3
8:54:30-aluno3-2017-06-19-08:54:32.png,0.103685454,0.8872583,0.00331965275,8.24449162e-05,0.0001022365,0.00131342211,2.726061e-05,0.004211268,aluno3
8:54:30-aluno3-2017-06-19-08:54:33.png,0.0405080728,0.8218515,0.1109271,0.0005415195,0.0003501882,0.0146742556,0.000583476445,0.0105639277,aluno3
8:54:32-aluno3-2017-06-19-08:54:35.png,0.178984582,0.7972593,0.0151482346,0.000443434226,0.00046147476,0.00162133144,0.00123152207,0.00485018361,aluno3
8:54:34-aluno3-2017-06-19-08:54:36.png,0.06767247,0.9082342,0.00414433423,0.0001987045,0.000242781272,0.00195081637,0.0005675126,0.0169892255,aluno3
8:54:36-aluno3-2017-06-19-08:54:39.png,0.244432241,0.7500942,0.00241493061,4.1084324e-05,3.36035e-05,0.00112457108,0.000338851,0.00152053486,aluno3
8:54:38-aluno3-2017-06-19-08:54:40.png,0.247634411,0.717669368,0.031680733,0.000413510366,0.000346412766,0.000450301,8.51453951e-05,0.00172013766,aluno3
8:54:40-aluno3-2017-06-19-08:54:42.png,0.0372003168,0.94498235,0.0124389008,7.836023e-05,0.000117338415,0.000470979081,3.11060576e-05,0.004680661,aluno3
8:54:58-aluno3-2017-06-19-08:55:00.png,0.00387035916,0.99406594,0.000808288867,1.90848423e-05,1.17684431e-05,0.00011583764,1.68190957e-06,0.00110706745,aluno3
8:55:00-aluno3-2017-06-19-08:55:02.png,0.00754859066,0.9921556,0.000120442091,1.778891e-05,1.00903126e-05,8.756793e-05,1.66811913e-06,5.82422144e-05,aluno3
8:55:02-aluno3-2017-06-19-08:55:04.png,0.0109797474,0.129239678,0.000132466288,0.0442397743,0.00715946546,0.806781054,0.00139623648,7.15581336e-05,aluno3
8:55:04-aluno3-2017-06-19-08:55:08.png,0.0128798811,0.95273006,0.008765057,0.000337369362,0.000126482148,0.000391269481,6.39506061e-06,0.0247634836,aluno3
8:55:06-aluno3-2017-06-19-08:55:08.png,0.0500720181,0.9401249,0.00242913864,0.000168683982,0.000123175269,0.000160978423,1.0445413e-05,0.00691062026,aluno3
8:55:08-aluno3-2017-06-19-08:55:10.png,0.05315384,0.942824244,0.00194652588,0.000294518337,5.79223561e-05,0.000196188528,6.13895054e-06,0.00152064441,aluno3
8:55:10-aluno3-2017-06-19-08:55:14.png,0.6817494,0.278312147,0.03283357,0.00281662075,0.00320589868,5.804961e-05,3.35277837e-05,0.0009907648,aluno3
8:55:12-aluno3-2017-06-19-08:55:17.png,0.09858075,0.6659962,0.0165141989,0.000718782132,0.0006115871,0.000117260548,4.79242226e-05,0.217413276,aluno3
8:55:14-aluno3-2017-06-19-08:55:17.png,0.0294644572,0.9683323,0.00149043091,6.09516756e-05,2.035311e-05,6.63039e-05,2.158002e-06,0.0005630621,aluno3
8:55:16-aluno3-2017-06-19-08:55:19.png,0.0282056928,0.9663795,0.00205084844,0.000219926485,0.000162424258,0.000464720215,1.31580773e-05,0.00250370544,aluno3
8:55:18-aluno3-2017-06-19-08:55:21.png,0.06226866,0.93203187,0.00133781857,0.0004499382,0.000156182883,0.001340222,6.680263e-05,0.0023484868,aluno3
8:55:20-aluno3-2017-06-19-08:55:22.png,0.0168856084,0.9758829,0.002601993,0.000551021367,0.0001086274,0.00163435622,1.91978434e-05,0.00231628749,aluno3
8:55:22-aluno3-2017-06-19-08:55:24.png,0.05950016,0.936702549,0.000378909666,9.838104e-05,5.65787268e-05,0.00114828,5.429346e-05,0.00206082,aluno3
8:55:24-aluno3-2017-06-19-08:55:26.png,0.06730165,0.9272747,0.00308777019,0.000569179,0.0003157221,0.000244146155,1.50759251e-05,0.00119175692,aluno3
8:55:26-aluno3-2017-06-19-08:55:28.png,0.081477426,0.9162707,0.000378667144,0.0002475755,0.00019798844,0.0009504179,7.384471e-05,0.000403431361,aluno3
8:55:28-aluno3-2017-06-19-08:55:30.png,0.0495526046,0.9437009,0.003103134,9.564863e-05,6.288771e-05,6.905007e-05,4.27163559e-06,0.00341148837,aluno3
8:55:30-aluno3-2017-06-19-08:55:33.png,0.0156413857,0.392288536,0.0003303736,0.0100404788,0.00190462044,0.5781427,0.00107978773,0.000572084566,aluno3
8:55:32-aluno3-2017-06-19-08:55:35.png,0.0185785443,0.9386791,0.002712085,0.00418783166,0.00112009945,0.0297693461,0.0003376849,0.004615295,aluno3
8:55:34-aluno3-2017-06-19-08:55:36.png,0.0299309324,0.9679517,0.000617021753,0.000127256309,0.000315893121,0.000310088246,1.76966169e-05,0.00072939886,aluno3
8:55:36-aluno3-2017-06-19-08:55:38.png,0.0504869036,0.945281267,0.00243978,0.000140953576,7.496647e-05,7.512435e-05,3.50433629e-06,0.00149750174,aluno3
8:55:38-aluno3-2017-06-19-08:55:41.png,0.0148668857,0.626718163,0.001266576,0.006704872,0.00140289869,0.3461687,0.000416503783,0.002455385,aluno3
8:55:40-aluno3-2017-06-19-08:55:42.png,0.0297662932,0.967022836,0.00132066151,0.000137258656,8.178364e-05,0.000301436317,7.844976e-06,0.00136187708,aluno3
8:55:42-aluno3-2017-06-19-08:55:44.png,0.0224851314,0.9517554,0.0180045981,0.000550708966,0.000838218664,0.0002003534,7.122878e-06,0.00615846459,aluno3
8:55:44-aluno3-2017-06-19-08:55:46.png,0.00230904249,0.9939952,0.000146106555,4.06729741e-05,0.0007651889,0.00193676539,5.7119978e-05,0.0007499209,aluno3
8:55:48-aluno3-2017-06-19-08:55:50.png,0.000134714253,0.994112968,2.60294164e-05,6.71329872e-06,0.000255270948,0.005092363,3.127584e-05,0.00034067352,aluno3
8:55:50-aluno3-2017-06-19-08:55:52.png,0.0005933423,0.9992373,1.7381004e-05,1.12717817e-06,2.55019022e-05,7.786963e-06,2.06667359e-08,0.000117560063,aluno3
8:55:52-aluno3-2017-06-19-08:55:54.png,0.009554356,0.966322,0.002000478,0.000239608024,5.80599553e-05,0.00125919026,2.92878558e-05,0.020537043,aluno3
8:55:54-aluno3-2017-06-19-08:55:56.png,0.0540083051,0.7937791,0.0161757972,0.00103938056,0.000483119977,0.00116059813,0.000173555265,0.133180156,aluno3
8:55:56-aluno3-2017-06-19-08:55:58.png,0.0169548783,0.628771961,0.012585,0.0136627126,0.0009999129,0.228627875,0.00107043318,0.09732724,aluno3
8:55:58-aluno3-2017-06-19-08:56:01.png,0.000360029837,0.0157030746,1.06291891e-05,0.00306975329,3.86698448e-05,0.0390505828,8.036581e-06,0.9417592,aluno3
8:56:00-aluno3-2017-06-19-08:56:02.png,6.53055743e-09,8.427488e-06,2.12963954e-07,2.81409234e-06,8.810685e-09,2.24248629e-06,4.096128e-10,0.9999863,aluno3
8:56:02-aluno3-2017-06-19-08:56:05.png,0.000167386752,1.938071e-05,4.82872764e-08,2.81333323e-05,1.4538582e-06,7.295498e-07,8.302464e-08,0.9997828,aluno3
8:56:04-aluno3-2017-06-19-08:56:06.png,1.20332869e-10,1.49074486e-09,1.02366119e-12,3.71129544e-10,1.38812239e-10,5.253253e-08,1.55223438e-11,0.99999994,aluno3
8:56:06-aluno3-2017-06-19-08:56:08.png,2.30670253e-06,7.03942442e-06,3.51263338e-07,2.67630139e-06,7.489901e-09,7.426574e-08,2.2201847e-09,0.999987543,aluno3
8:56:08-aluno3-2017-06-19-08:56:10.png,6.51020127e-06,0.0004111901,7.187382e-07,4.76378518e-05,1.22928373e-06,0.0006778745,7.209951e-08,0.998854756,aluno3
8:56:10-aluno3-2017-06-19-08:56:12.png,0.00488048047,0.9660081,0.00327581214,7.700578e-05,5.00965762e-05,8.05437448e-05,1.46462924e-06,0.0256264769,aluno3
8:56:12-aluno3-2017-06-19-08:56:14.png,0.00119127391,0.336585,0.00164166908,3.72604663e-05,1.40778866e-05,0.000168240484,2.77670938e-06,0.6603597,aluno3
8:56:14-aluno3-2017-06-19-08:56:16.png,8.420414e-05,0.0853170156,0.00125381816,7.944005e-06,2.10036387e-06,0.000216677843,4.1905804e-07,0.9131178,aluno3
8:56:16-aluno3-2017-06-19-08:56:19.png,0.0017761034,0.336561173,0.007089057,0.00112630485,0.000156989277,0.00155341742,1.4981928e-05,0.651721954,aluno3
8:56:18-aluno3-2017-06-19-08:56:21.png,0.155785844,0.3930828,0.1698776,0.0339913853,0.00635526748,0.0488833562,0.0103628673,0.181660861,aluno3
8:56:20-aluno3-2017-06-19-08:56:23.png,1.73564115e-14,9.779583e-14,1.20022208e-15,6.917747e-14,1.41317783e-14,1.16432244e-12,1.28703573e-16,1.0,aluno3
8:56:22-aluno3-2017-06-19-08:56:25.png,0.166750342,0.5107195,0.06940563,0.0108591551,0.00684486562,0.0005328314,0.000185020341,0.234702647,aluno3
8:56:24-aluno3-2017-06-19-08:56:27.png,0.008784343,0.402113259,0.001962427,0.0254179258,0.009526552,0.54358,0.00115619344,0.00745930662,aluno3
8:56:26-aluno3-2017-06-19-08:56:29.png,0.00124543777,0.6761807,0.00681778463,0.00210486678,0.000432396046,0.001400087,1.07054666e-05,0.31180802,aluno3
8:56:28-aluno3-2017-06-19-08:56:31.png,0.08102227,0.864005148,0.003608575,0.0003773459,0.000248073,0.000877536251,0.000170481318,0.0496905744,aluno3
8:56:30-aluno3-2017-06-19-08:56:32.png,0.00155779254,0.616703868,0.00542517751,8.633057e-05,7.098122e-05,0.0005257803,3.807663e-06,0.375626266,aluno3
8:56:32-aluno3-2017-06-19-08:56:34.png,0.009588263,0.9713757,0.00368174,0.000780277,0.000469197577,0.004257079,3.481675e-05,0.0098129,aluno3
8:56:34-aluno3-2017-06-19-08:56:38.png,0.00236636866,0.9874061,0.00159260945,2.86147988e-05,4.85314449e-05,0.000213036561,2.14394959e-06,0.00834264,aluno3
8:56:36-aluno3-2017-06-19-08:56:39.png,0.00254263775,0.8432198,0.0061701457,8.202218e-05,1.31842517e-05,0.000308650575,7.1417287e-07,0.147662818,aluno3
8:56:40-aluno3-2017-06-19-08:56:42.png,0.000401082245,0.005495558,0.000484146469,6.30713566e-06,1.62087576e-06,6.48013738e-05,6.73534032e-07,0.99354583,aluno3
8:56:42-aluno3-2017-06-19-08:56:44.png,0.0254818872,0.9668551,0.00267578266,0.000153513058,0.000310729549,0.0003433118,2.29373272e-05,0.0041567306,aluno3
8:56:44-aluno3-2017-06-19-08:56:47.png,0.0131840706,0.9846634,0.00066296797,3.79709527e-05,7.707564e-05,0.0002610655,1.0882658e-05,0.0011025198,aluno3
8:56:46-aluno3-2017-06-19-08:56:49.png,0.081835255,0.9144122,0.00173927273,0.000447910716,0.0006255777,0.000533955346,9.414038e-05,0.0003117143,aluno3
8:56:49-aluno3-2017-06-19-08:56:52.png,0.00533890165,0.9888675,0.00203545578,0.0002893638,0.000179253475,0.0009768758,9.664722e-06,0.00230296119,aluno3
8:56:50-aluno3-2017-06-19-08:56:53.png,0.01284766,0.663952768,0.00199045474,0.009299348,0.00258079451,0.306226283,0.000566137,0.00253657275,aluno3
8:56:52-aluno3-2017-06-19-08:56:55.png,0.009463573,0.9885059,0.0011085493,4.23664e-05,4.21937439e-05,0.0002080659,5.58915235e-06,0.0006237785,aluno3
8:56:54-aluno3-2017-06-19-08:56:56.png,0.00599060254,0.98083967,0.000326833368,0.0003440276,0.0001302565,0.0118747381,0.000192696563,0.000301161344,aluno3
8:56:56-aluno3-2017-06-19-08:56:59.png,0.0493389741,0.238978118,0.000558202039,0.01914758,0.007179562,0.6793403,0.00384678156,0.0016104707,aluno3
8:56:58-aluno3-2017-06-19-08:57:01.png,0.221161336,0.7769022,0.0007535342,0.0002067945,0.000440344884,0.0002170431,7.109497e-05,0.0002476319,aluno3
8:57:00-aluno3-2017-06-19-08:57:02.png,0.05374956,0.926711,0.00122865359,0.00115392706,0.000453472137,0.0137230428,0.0005916107,0.00238871551,aluno3
8:57:02-aluno3-2017-06-19-08:57:04.png,0.02034512,0.978000641,0.00137332769,3.713176e-05,9.326665e-05,3.282928e-05,3.23522431e-06,0.000114450682,aluno3
8:57:04-aluno3-2017-06-19-08:57:06.png,0.03713297,0.9460337,0.00582369929,0.004246394,0.00160040427,0.003033077,0.000211367122,0.00191838923,aluno3
8:57:06-aluno3-2017-06-19-08:57:08.png,0.0351032242,0.9563879,0.00303007918,0.000565848,0.00369990547,0.00065618864,0.000179313647,0.000377574266,aluno3
8:57:08-aluno3-2017-06-19-08:57:10.png,0.0276258066,0.9694926,0.001166894,0.000139678566,0.000150595049,0.0007907898,2.97940132e-05,0.0006038371,aluno3
8:57:12-aluno3-2017-06-19-08:57:14.png,0.0154721336,0.9694956,0.00172843214,4.32245033e-05,3.09476563e-05,5.970075e-05,2.77737422e-06,0.0131671941,aluno3
8:57:13-aluno3-2017-06-19-08:57:16.png,0.04720413,0.8065277,0.001894664,0.00357311964,0.0004286809,0.133653149,0.000719531963,0.005999071,aluno3
8:57:15-aluno3-2017-06-19-08:57:18.png,0.0042408756,0.995691538,5.22842347e-05,9.601614e-07,1.39617941e-06,2.078255e-06,6.92016044e-08,1.08015693e-05,aluno3
8:57:16-aluno3-2017-06-19-08:57:19.png,0.056729272,0.9426123,0.000519539,1.07935111e-05,4.85369947e-06,5.694774e-05,8.971e-06,5.7311252e-05,aluno3
8:57:18-aluno3-2017-06-19-08:57:20.png,0.252386838,0.740047455,0.000437901734,0.0002344791,0.0008838673,0.00211840984,0.0009955838,0.00289545953,aluno3
8:57:20-aluno3-2017-06-19-08:57:22.png,0.05777715,0.8777153,0.00741080241,0.0222724415,0.004032128,0.02581508,0.0013710463,0.00360607146,aluno3
8:57:22-aluno3-2017-06-19-08:57:25.png,0.0306913052,0.930493355,0.0257775933,0.00303232553,0.00360562862,0.00176975725,0.0002204399,0.004409589,aluno3
8:57:24-aluno3-2017-06-19-08:57:27.png,0.0194326211,0.974374533,0.00196158839,0.000183969969,0.000126566782,0.0008358683,2.845042e-05,0.00305637717,aluno3
8:57:26-aluno3-2017-06-19-08:57:29.png,0.05419604,0.9395505,0.00133649725,0.000440917531,0.0003182923,0.00119041826,0.0001074401,0.002859895,aluno3
8:57:28-aluno3-2017-06-19-08:57:30.png,0.0508121178,0.9424376,0.004668653,0.000164073659,8.060488e-05,0.000543211645,5.02839e-05,0.00124346185,aluno3
8:57:30-aluno3-2017-06-19-08:57:32.png,0.0177353285,0.9817534,0.000222667135,1.56837723e-05,2.28954832e-05,7.11767e-05,1.21339065e-06,0.000177602589,aluno3
8:57:32-aluno3-2017-06-19-08:57:34.png,0.00166713749,0.997699738,0.0001483325,5.466012e-06,2.62512867e-06,8.579802e-05,7.8632803e-07,0.000390096626,aluno3
8:57:34-aluno3-2017-06-19-08:57:36.png,0.0497047342,0.94023633,0.00318506267,0.000675016,0.0003470638,0.00121039466,7.84733347e-05,0.004562949,aluno3
8:57:36-aluno3-2017-06-19-08:57:38.png,0.0629648045,0.920607567,0.00387889938,0.00119646976,0.0003287115,0.006166824,0.000257973181,0.0045987484,aluno3
8:57:38-aluno3-2017-06-19-08:57:40.png,0.08874669,0.8881946,0.00245969044,0.00306854374,0.000495585555,0.0128248855,0.00115873618,0.00305122184,aluno3
8:57:40-aluno3-2017-06-19-08:57:42.png,0.2562638,0.7388598,0.00351062953,0.000193769927,0.0005234823,0.00048443937,6.235324e-05,0.0001017369,aluno3
8:57:42-aluno3-2017-06-19-08:57:45.png,0.573705256,0.386073649,0.009030214,0.008684022,0.021217633,0.0005858672,0.0006574054,4.59504154e-05,aluno3
8:57:44-aluno3-2017-06-19-08:57:47.png,0.4428592,0.36268574,0.00119752,0.0207391679,0.03593732,0.09141026,0.0218605176,0.02331027,aluno3
8:57:46-aluno3-2017-06-19-08:57:49.png,0.03430734,0.849156857,0.001959885,0.0270209014,0.009445961,0.06915622,0.00766528724,0.00128752855,aluno3
8:57:48-aluno3-2017-06-19-08:57:51.png,0.0113306642,0.8697545,0.000787813158,0.00303843338,0.0002754713,0.11158058,0.0008978132,0.002334761,aluno3
8:57:50-aluno3-2017-06-19-08:57:52.png,0.008359239,0.9911565,0.000143944475,3.82899671e-05,5.765991e-05,0.000201146555,1.55529724e-05,2.76252413e-05,aluno3
8:57:52-aluno3-2017-06-19-08:57:54.png,0.0199904684,0.9756124,0.00183761085,0.000191452578,5.12501974e-05,0.000198736219,1.124652e-05,0.00210685935,aluno3
8:57:54-aluno3-2017-06-19-08:57:57.png,0.0142176272,0.984070539,0.0006066618,0.000132405738,0.000684035942,0.000198920054,4.34674257e-05,4.635802e-05,aluno3
8:57:56-aluno3-2017-06-19-08:57:58.png,0.00545286061,0.990782261,0.00291792676,1.897274e-05,7.031006e-05,4.502007e-05,1.67174323e-06,0.000710952154,aluno3
8:57:58-aluno3-2017-06-19-08:58:00.png,0.00040184008,0.9958313,0.00180882623,2.98994041e-06,5.650205e-06,9.217362e-06,3.014917e-08,0.00194010616,aluno3
8:58:00-aluno3-2017-06-19-08:58:03.png,0.0293156169,0.9651384,0.0022281108,0.0003547792,0.000139668962,0.000968853361,1.80936077e-05,0.00183650677,aluno3
8:58:03-aluno3-2017-06-19-08:58:06.png,0.00532147661,0.993391454,0.0006063628,2.00387422e-05,7.836739e-06,0.0002536133,2.079704e-06,0.000397158379,aluno3
8:58:06-aluno3-2017-06-19-08:58:08.png,0.005877477,0.991584659,0.00126178167,2.22239778e-05,6.535252e-06,5.75979029e-05,4.586201e-07,0.00118929276,aluno3
8:58:06-aluno3-2017-06-19-08:58:09.png,0.0022561478,0.9961211,0.0009010973,1.79471572e-05,9.304418e-06,9.325974e-05,5.71706153e-07,0.00060057285,aluno3
8:58:08-aluno3-2017-06-19-08:58:11.png,0.0132508473,0.604860961,0.000475372624,0.00194236427,0.000477290538,0.374193519,0.000808748649,0.003990904,aluno3
8:58:10-aluno3-2017-06-19-08:58:13.png,0.006580287,0.9695716,0.00295174052,5.21503025e-05,4.476573e-05,9.482239e-05,2.74146714e-06,0.0207018945,aluno3
8:58:12-aluno3-2017-06-19-08:58:14.png,0.0207607932,0.969005942,0.00161637657,0.000628237147,0.000158169642,0.00390325626,9.35913049e-05,0.003833613,aluno3
8:58:14-aluno3-2017-06-19-08:58:16.png,0.000102141283,0.81888634,0.0183334649,2.44253579e-06,6.719671e-07,4.711138e-06,6.9021473e-09,0.1626702,aluno3
8:58:16-aluno3-2017-06-19-08:58:18.png,0.0137324706,0.985298,0.000532464648,3.06998081e-05,2.23081261e-05,8.970255e-05,2.27574333e-06,0.0002921207,aluno3
8:58:18-aluno3-2017-06-19-08:58:20.png,0.0141900638,0.4737825,0.13439849,0.0001645657,3.117705e-05,2.27811834e-05,1.42104568e-06,0.377409,aluno3
8:58:20-aluno3-2017-06-19-08:58:22.png,0.121617042,0.860453963,0.000528401462,7.355403e-05,0.000106298896,0.0113485074,0.003886708,0.001985498,aluno3
8:58:22-aluno3-2017-06-19-08:58:24.png,0.2977612,0.6921498,0.0003110315,4.71089952e-05,2.51246056e-05,0.00543871243,0.00234930869,0.00191769493,aluno3
8:58:24-aluno3-2017-06-19-08:58:26.png,0.129045948,0.8198042,0.000677090255,0.0003989811,0.000235994288,0.0404121354,0.00360124512,0.005824408,aluno3
8:58:26-aluno3-2017-06-19-08:58:28.png,0.01521325,0.9812807,0.0002854931,4.17935262e-05,0.000221385038,0.000972287147,0.0006268094,0.001358286,aluno3
8:58:28-aluno3-2017-06-19-08:58:30.png,0.5412683,0.2486027,0.000344523665,0.00191065832,0.000327157963,0.0485818274,0.04866228,0.110302575,aluno3
8:58:30-aluno3-2017-06-19-08:58:32.png,0.0354187936,0.9558748,0.000185890545,4.49914332e-05,0.000221268987,0.00261333073,0.0038455443,0.0017953607,aluno3
8:58:32-aluno3-2017-06-19-08:58:34.png,0.285015672,0.58451587,0.003876146,0.0008348599,0.000161835414,0.0009950125,0.000198189227,0.124402434,aluno3
8:58:34-aluno3-2017-06-19-08:58:36.png,0.0375441238,0.913005531,0.0115132174,0.000136612041,0.000130905522,0.0009624998,0.000288114825,0.0364190079,aluno3
8:58:36-aluno3-2017-06-19-08:58:39.png,0.0912848,0.885337,0.0009873356,0.000208959435,0.000488870952,0.00901068,0.0053499355,0.007332432,aluno3
8:58:38-aluno3-2017-06-19-08:58:41.png,0.212158784,0.7508738,0.001804515,0.000384102284,0.000405405124,0.0132564716,0.005816053,0.0153008588,aluno3
8:58:40-aluno3-2017-06-19-08:58:42.png,0.126237452,0.8203949,0.00309103518,0.000657667,0.000350953458,0.0183231514,0.00241291337,0.0285319351,aluno3
8:58:42-aluno3-2017-06-19-08:58:44.png,0.113564536,0.834210038,0.006346571,0.000909187947,0.000646442058,0.00325729372,0.0008902653,0.0401756875,aluno3
8:58:44-aluno3-2017-06-19-08:58:46.png,0.162551478,0.8349685,0.0005206309,6.94886548e-05,5.51291232e-05,0.000529519049,0.000169685984,0.00113559316,aluno3
8:58:46-aluno3-2017-06-19-08:58:48.png,0.122471638,0.8741588,0.0008950241,8.160093e-05,8.22781149e-05,0.00062751834,0.0002219434,0.00146117376,aluno3
8:58:48-aluno3-2017-06-19-08:58:50.png,0.148470759,0.8494157,0.0005207958,4.65917437e-05,3.7515143e-05,0.0004194789,0.000147762708,0.000941395,aluno3
8:58:50-aluno3-2017-06-19-08:58:52.png,0.223063231,0.775795162,0.000378881552,4.51745436e-05,1.01992046e-05,0.000290853961,4.03401755e-05,0.000376131036,aluno3
8:58:52-aluno3-2017-06-19-08:58:55.png,0.0550568551,0.8898311,0.000404893159,0.000916524034,0.000158214039,0.0437780544,0.009186571,0.000667789,aluno3
8:58:54-aluno3-2017-06-19-08:58:57.png,0.376996428,0.6186843,0.00128595182,0.000146301914,0.000142651115,0.000617962738,0.000716108654,0.00141031481,aluno3
8:58:56-aluno3-2017-06-19-08:58:59.png,0.382351875,0.61445874,0.000837689266,6.99671e-05,9.227769e-05,0.000468069135,0.00082857447,0.000892797951,aluno3
8:58:58-aluno3-2017-06-19-08:59:00.png,0.3445781,0.6504176,0.00158222951,0.000101001642,7.426925e-05,0.000468870858,0.0005697335,0.002208193,aluno3
8:59:00-aluno3-2017-06-19-08:59:03.png,0.197658554,0.796965957,0.00110136264,6.800324e-05,5.99256055e-05,0.000373632123,0.0004016125,0.00337093137,aluno3
8:59:02-aluno3-2017-06-19-08:59:04.png,0.220806465,0.7327362,0.00360522466,0.000256168656,0.000193281812,0.000920953462,0.00035355016,0.0411281623,aluno3
8:59:04-aluno3-2017-06-19-08:59:06.png,0.01214842,0.9783451,0.00140700745,0.000103076542,0.000234806474,0.000332667259,5.850305e-05,0.00737044867,aluno3
8:59:06-aluno3-2017-06-19-08:59:09.png,0.1416193,0.7968172,0.000334662152,0.000101098791,0.000295397476,0.0181136336,0.0116713531,0.031047361,aluno3
8:59:08-aluno3-2017-06-19-08:59:10.png,0.0199668668,0.6509694,0.000522096467,0.000158499563,0.00032304076,0.0111185145,0.002293816,0.314647764,aluno3
8:59:10-aluno3-2017-06-19-08:59:13.png,0.0289001819,0.870522559,0.0003204488,0.000156249647,0.000422162237,0.0222361442,0.00696716225,0.07047512,aluno3
8:59:12-aluno3-2017-06-19-08:59:15.png,0.0599630624,0.85160476,0.000476548215,0.000320348452,0.0008199708,0.0169214252,0.004236384,0.0656575,aluno3
8:59:14-aluno3-2017-06-19-08:59:16.png,0.0133538553,0.690905869,0.000331077637,0.000106679036,0.000318187842,0.0145808235,0.00278815953,0.277615368,aluno3
8:59:16-aluno3-2017-06-19-08:59:18.png,0.0209177919,0.9754925,0.00164173171,9.644466e-05,0.000110563386,0.000475013454,3.37584752e-05,0.0012322251,aluno3
8:59:18-aluno3-2017-06-19-08:59:21.png,0.0177091919,0.979624331,0.00110271759,0.0001750389,0.000701002136,0.00017254948,2.87698767e-05,0.000486414443,aluno3
8:59:20-aluno3-2017-06-19-08:59:22.png,0.0191670284,0.979726553,0.0005136622,2.88199244e-05,4.99809648e-05,0.000130086351,7.791014e-06,0.0003760557,aluno3
8:59:22-aluno3-2017-06-19-08:59:24.png,0.009179882,0.9842097,0.00206540152,2.34297677e-05,1.67822927e-05,4.37042436e-05,1.24383e-06,0.004459825,aluno3
8:59:24-aluno3-2017-06-19-08:59:26.png,0.07036136,0.9271156,0.00104847818,0.0001267838,9.312911e-05,0.000248723052,4.82466e-05,0.0009576575,aluno3
8:59:26-aluno3-2017-06-19-08:59:28.png,0.0833388343,0.9088896,0.00586502,0.0002455535,6.199418e-05,0.0009049209,3.41017258e-05,0.0006600055,aluno3
8:59:28-aluno3-2017-06-19-08:59:30.png,0.007266659,0.989451945,0.000871356868,0.000102151876,7.999326e-05,0.0013215231,2.9704539e-05,0.000876663,aluno3
8:59:32-aluno3-2017-06-19-08:59:35.png,0.0362156928,0.8647376,0.0008245747,0.000522536458,0.0004652449,0.0205690041,0.04425702,0.0324083529,aluno3
8:59:34-aluno3-2017-06-19-08:59:38.png,0.367874265,0.511513,0.03141104,0.000877182756,0.000454908062,6.35906763e-05,2.057796e-05,0.0877854,aluno3
8:59:36-aluno3-2017-06-19-08:59:39.png,0.0124192443,0.986611962,0.0006315288,6.381004e-06,3.49554321e-05,0.000211285253,1.46267821e-05,7.002567e-05,aluno3
8:59:38-aluno3-2017-06-19-08:59:41.png,0.888254166,0.108978808,0.000634515134,0.0006602093,0.0002656327,0.000351417169,0.0008316462,2.36151263e-05,aluno3
8:59:40-aluno3-2017-06-19-08:59:43.png,0.021962557,0.976358533,0.00160056807,3.6267777e-06,8.430404e-06,5.42359776e-05,2.57205e-06,9.49335754e-06,aluno3
8:59:42-aluno3-2017-06-19-08:59:44.png,0.0337299928,0.9495119,0.008078816,0.000493261,0.00034395582,0.006854958,0.000382662372,0.000604438945,aluno3
8:59:44-aluno3-2017-06-19-08:59:46.png,0.026115397,0.9690577,0.00300354115,4.46573431e-05,5.28719247e-05,0.00158612151,5.57371532e-05,8.397707e-05,aluno3
8:59:46-aluno3-2017-06-19-08:59:48.png,0.0125697684,0.966052651,0.00701495027,0.000358214951,0.00036856308,0.01117488,0.00012107622,0.00233991724,aluno3
8:59:48-aluno3-2017-06-19-08:59:50.png,0.003531644,0.7778466,0.0012966668,0.00128759979,0.000436044676,0.213892519,0.000265064824,0.00144389283,aluno3
8:59:50-aluno3-2017-06-19-08:59:53.png,0.08528684,0.91345495,0.000585971633,8.649827e-05,5.94529629e-05,6.0718954e-05,4.10833036e-06,0.000461472169,aluno3
8:59:52-aluno3-2017-06-19-08:59:55.png,0.2326929,0.757145047,0.00145245588,0.0001463389,0.000246957876,0.003932477,0.00389876077,0.000485071883,aluno3
8:59:54-aluno3-2017-06-19-08:59:57.png,0.333421052,0.652082443,0.002426645,0.000331748073,0.00056777033,0.003592449,0.00328356074,0.004294337,aluno3
8:59:56-aluno3-2017-06-19-08:59:58.png,0.3620395,0.6064669,0.00148010766,0.0005080898,0.000438890129,0.0155610824,0.010860051,0.00264535984,aluno3
8:59:58-aluno3-2017-06-19-09:00:01.png,0.371575475,0.6082779,0.000351785275,0.0001556192,7.484057e-05,0.0137295369,0.004589132,0.00124572741,aluno3
9:00:00-aluno3-2017-06-19-09:00:02.png,0.484379649,0.472840548,0.0013056671,0.000477455877,0.00026378734,0.0164159443,0.0210409537,0.00327600772,aluno3
9:00:02-aluno3-2017-06-19-09:00:05.png,0.510084033,0.454744577,0.00091135496,0.000380811747,0.000231118116,0.0118167149,0.019075131,0.0027562615,aluno3
9:00:04-aluno3-2017-06-19-09:00:06.png,0.4459805,0.494882852,0.0009975494,0.0004583271,0.000345310778,0.01880535,0.03570242,0.00282768,aluno3
9:00:06-aluno3-2017-06-19-09:00:08.png,0.346568435,0.6394474,0.0007253801,0.000368827459,0.000104103623,0.007870754,0.00209076586,0.00282431766,aluno3
9:00:08-aluno3-2017-06-19-09:00:10.png,0.0405398831,0.955870748,0.00103604875,0.000668916968,0.0003327327,0.00105889374,0.000159150426,0.00033362495,aluno3
9:00:10-aluno3-2017-06-19-09:00:13.png,0.04627827,0.952470362,0.0008745957,3.05886642e-05,2.73286532e-05,9.041686e-05,3.89453135e-06,0.000224561649,aluno3
9:00:12-aluno3-2017-06-19-09:00:15.png,0.0264531951,0.971911252,0.0009175743,1.92895277e-05,2.70316032e-05,0.000101311154,7.541421e-06,0.000562801957,aluno3
9:00:14-aluno3-2017-06-19-09:00:17.png,0.0130004147,0.985855341,0.0006323807,8.718851e-06,1.43197312e-05,4.09932582e-05,2.20842253e-06,0.000445625046,aluno3
9:00:16-aluno3-2017-06-19-09:00:18.png,0.03100679,0.961056,0.0006766088,0.000507407531,0.000112326787,0.005210879,0.000250670448,0.00117929885,aluno3
9:00:18-aluno3-2017-06-19-09:00:20.png,0.0139998924,0.784960449,0.000907132868,0.004155667,0.0006153899,0.193610668,0.000392471964,0.0013583228,aluno3
9:00:20-aluno3-2017-06-19-09:00:22.png,0.0224559549,0.951051831,0.00973974,0.00139113492,0.00037373713,0.00349276979,0.000116283176,0.0113785621,aluno3
9:00:22-aluno3-2017-06-19-09:00:24.png,0.0143224085,0.9720832,0.008046181,0.0006323303,0.0003204757,0.00150823244,3.33056923e-05,0.00305387517,aluno3
9:00:24-aluno3-2017-06-19-09:00:26.png,0.0538981371,0.9445531,0.0005416505,0.000128018553,0.000100182464,0.000507582154,7.335827e-05,0.0001979801,aluno3
9:00:26-aluno3-2017-06-19-09:00:29.png,0.04151145,0.9574943,0.000341099,6.201752e-05,5.191839e-05,0.0003589821,3.51599047e-05,0.000145073136,aluno3
9:00:28-aluno3-2017-06-19-09:00:30.png,0.02034772,0.865773261,0.07330431,0.0009908873,0.000237759872,0.00194602064,9.61459737e-05,0.0373038873,aluno3
9:00:30-aluno3-2017-06-19-09:00:32.png,0.186834991,0.7227183,0.08584403,0.000264360831,0.000235260188,0.000313262164,0.000211178092,0.00357863936,aluno3
9:00:32-aluno3-2017-06-19-09:00:34.png,0.15196158,0.838822246,0.0006095491,2.321406e-05,6.623623e-05,0.00149273127,0.00128429662,0.00574012939,aluno3
9:00:34-aluno3-2017-06-19-09:00:36.png,0.004434798,0.983927369,1.41048431e-05,6.23051938e-06,7.8283425e-05,0.00395926973,0.0003534999,0.00722643733,aluno3
9:00:36-aluno3-2017-06-19-09:00:38.png,0.121252745,0.847627342,0.008281776,0.0005779216,0.0003360029,0.00145893451,0.00131024106,0.01915506,aluno3
9:00:38-aluno3-2017-06-19-09:00:40.png,0.122905485,0.862774,0.004174347,0.00022031767,0.000118580516,0.0006727507,0.0005839522,0.008550546,aluno3
9:00:40-aluno3-2017-06-19-09:00:42.png,0.133404419,0.852878034,0.00236641266,0.000139338939,9.181854e-05,0.000597034057,0.0009560725,0.009566877,aluno3
9:00:42-aluno3-2017-06-19-09:00:44.png,0.161960945,0.824483037,0.002865879,0.0002770904,0.000162319586,0.00119959447,0.002059553,0.0069915927,aluno3
9:00:44-aluno3-2017-06-19-09:00:47.png,0.126351461,0.8600023,0.002825288,0.000198086389,8.62891538e-05,0.0007442709,0.00119654986,0.008595783,aluno3
9:00:46-aluno3-2017-06-19-09:00:48.png,0.173761576,0.8170542,0.002475814,0.000214785032,0.000138296062,0.000726334,0.00109266327,0.004536342,aluno3
9:00:48-aluno3-2017-06-19-09:00:50.png,0.0759426951,0.921315849,0.00120888255,6.010332e-05,5.36218176e-05,0.00023185699,0.000262457936,0.000924505934,aluno3
9:00:50-aluno3-2017-06-19-09:00:53.png,0.1291925,0.8562993,0.0008236948,0.000819435634,0.00019879613,0.01034487,0.00131171418,0.00100971258,aluno3
9:00:52-aluno3-2017-06-19-09:00:54.png,0.017802462,0.949281752,0.00588061428,0.0001707596,0.0001522413,0.00020491035,9.120472e-06,0.0264981333,aluno3
9:00:54-aluno3-2017-06-19-09:00:56.png,0.5629027,0.430871934,0.00171598839,0.000483581651,0.00289154286,0.000416117953,0.000521583541,0.000196580833,aluno3
9:00:56-aluno3-2017-06-19-09:00:58.png,0.250650764,0.7449221,0.002679002,0.000194253837,0.000635880162,0.000256456638,9.994106e-05,0.000561616267,aluno3
9:00:58-aluno3-2017-06-19-09:01:00.png,0.10468597,0.8889511,0.004509326,0.000136678165,0.00011686088,0.000587637245,9.272853e-05,0.00091967656,aluno3
9:01:00-aluno3-2017-06-19-09:01:02.png,0.507574,0.439905077,0.00029547335,0.000149257292,0.000213082239,0.0144572034,0.0117233973,0.0256824847,aluno3
9:01:02-aluno3-2017-06-19-09:01:05.png,0.097796604,0.757460058,0.00177119009,0.0003148099,0.00115374837,0.01533439,0.0100389551,0.116130248,aluno3
9:01:04-aluno3-2017-06-19-09:01:07.png,0.0814011842,0.909520268,0.00372359715,0.0008642514,0.0006834679,0.00236879755,0.000329727744,0.00110870309,aluno3
9:01:06-aluno3-2017-06-19-09:01:09.png,0.00160236564,0.973216355,0.004688722,3.29453542e-05,5.81349559e-05,0.00010015053,9.738642e-07,0.020300366,aluno3
9:01:08-aluno3-2017-06-19-09:01:11.png,0.000936547,0.9799072,0.00480915932,1.42680165e-05,4.25133148e-05,3.5393452e-05,5.176912e-07,0.0142544108,aluno3
9:01:10-aluno3-2017-06-19-09:01:12.png,0.003153352,0.9959527,0.000512484054,7.53884842e-06,2.023416e-05,0.000103027189,1.52989321e-06,0.0002490816,aluno3
9:01:12-aluno3-2017-06-19-09:01:15.png,0.0162176378,0.981977463,0.0006769998,5.43753049e-05,7.29541061e-05,0.0004499704,1.05483341e-05,0.000540077745,aluno3
9:01:14-aluno3-2017-06-19-09:01:17.png,0.0237585511,0.9711088,0.00187320472,0.000181005642,6.68507855e-05,0.0005430177,1.33384447e-05,0.00245526526,aluno3
9:01:16-aluno3-2017-06-19-09:01:18.png,0.07645555,0.9204757,0.0009267581,0.000222533956,0.0002188329,0.00115393463,4.66023448e-05,0.000500100141,aluno3
9:01:19-aluno3-2017-06-19-09:01:22.png,0.006810435,0.9857276,0.00302415341,9.65832442e-05,2.91897813e-05,7.31653563e-05,1.46083e-06,0.00423739059,aluno3
9:01:20-aluno3-2017-06-19-09:01:22.png,0.107772864,0.880601466,0.008961347,0.0007861247,0.000125981271,0.000401254452,3.65276464e-05,0.00131442107,aluno3
9:01:22-aluno3-2017-06-19-09:01:25.png,0.103925869,0.8860588,0.006896185,0.00022544431,0.000195220069,0.00010737509,1.17287746e-05,0.002579375,aluno3
9:01:24-aluno3-2017-06-19-09:01:26.png,0.027075354,0.934788644,0.00866064,4.5382505e-05,4.43474564e-05,2.03027e-05,1.041082e-06,0.0293643,aluno3
9:01:26-aluno3-2017-06-19-09:01:28.png,0.004076043,0.9943358,0.0009785526,1.064723e-05,3.712364e-06,1.961802e-05,4.08444748e-07,0.0005752746,aluno3
9:01:28-aluno3-2017-06-19-09:01:30.png,0.0804411247,0.9120883,0.0006502577,0.000718194,0.000121070247,0.004821885,0.000202983952,0.000956200762,aluno3
9:01:30-aluno3-2017-06-19-09:01:32.png,0.0166574083,0.9826129,0.000517332868,3.46908237e-05,2.99265284e-05,6.55132e-05,2.22653853e-06,7.998343e-05,aluno3
9:01:32-aluno3-2017-06-19-09:01:35.png,0.0123199383,0.9874014,7.2673356e-05,2.12898358e-05,3.64791558e-05,0.000110221932,4.30324735e-06,3.36470948e-05,aluno3
9:01:34-aluno3-2017-06-19-09:01:37.png,0.0247505158,0.969025135,0.00185773906,0.000514773652,0.000650902453,0.00220672577,0.000138182091,0.000856037543,aluno3
9:01:36-aluno3-2017-06-19-09:01:38.png,0.0917176,0.9046067,0.0006875131,0.000241614747,0.000174972156,0.00171934918,0.000242383743,0.000609886367,aluno3
9:01:38-aluno3-2017-06-19-09:01:40.png,0.21401234,0.777935,0.00431728829,0.0004783638,0.00167548691,0.0004825996,0.0003506272,0.000748268,aluno3
9:01:40-aluno3-2017-06-19-09:01:42.png,0.00242486224,0.4718968,0.0008178203,0.00427868124,0.00201481674,0.5161809,6.296257e-05,0.002323186,aluno3
9:01:42-aluno3-2017-06-19-09:01:45.png,0.413731039,0.467671931,0.000511390448,0.0003134061,0.000192001258,0.08000183,0.02130935,0.0162690673,aluno3
9:01:44-aluno3-2017-06-19-09:01:46.png,0.02284073,0.947402537,0.006289257,0.000438365329,0.000360809616,0.00159401458,4.32514062e-05,0.0210310128,aluno3
9:01:46-aluno3-2017-06-19-09:01:49.png,0.03820313,0.9587725,0.00152662187,0.000106969805,0.000123904567,0.0004738536,2.22088911e-05,0.000770824845,aluno3
9:01:48-aluno3-2017-06-19-09:01:51.png,0.0169645,0.9807211,0.00105627056,2.69626526e-05,4.71816857e-05,0.000102714,2.61540777e-06,0.00107866817,aluno3
9:01:51-aluno3-2017-06-19-09:01:53.png,0.015825592,0.91987,0.0525314324,0.000625263958,0.000126904153,0.00170858868,3.27555827e-05,0.00927947,aluno3
9:01:55-aluno3-2017-06-19-09:01:57.png,0.0162001029,0.941483259,0.00306294765,0.00264470512,0.0004888514,0.03020819,0.000391711568,0.005520219,aluno3
9:01:58-aluno3-2017-06-19-09:02:01.png,0.00147616956,0.9978624,0.0004565526,4.432928e-06,5.41962581e-05,2.15713972e-05,3.84024332e-07,0.000124274113,aluno3
9:02:00-aluno3-2017-06-19-09:02:02.png,0.1772255,0.8213485,0.0005815787,9.02234751e-05,0.000154753681,0.000240521142,5.017652e-05,0.0003087781,aluno3
9:02:02-aluno3-2017-06-19-09:02:05.png,0.03963349,0.9533352,0.00296707381,7.28588057e-05,0.000253918843,1.79861745e-05,1.02944625e-06,0.00371842948,aluno3
9:02:04-aluno3-2017-06-19-09:02:07.png,0.204835579,0.741218567,0.00105973287,0.00118466094,0.00228680624,0.020385582,0.011891122,0.0171379354,aluno3
9:02:06-aluno3-2017-06-19-09:02:08.png,0.128885433,0.8676546,0.000857067353,0.000259635272,0.000125076011,0.0008972537,0.000420536759,0.000900365238,aluno3
9:02:08-aluno3-2017-06-19-09:02:10.png,0.0114889238,0.9831947,0.000140057527,1.68856823e-05,9.870361e-05,0.003684864,0.000750109146,0.0006257303,aluno3
9:02:10-aluno3-2017-06-19-09:02:13.png,0.0313163362,0.956968844,0.000406346284,0.000127864,0.0004520342,0.007120594,0.00175749231,0.00185048429,aluno3
9:02:12-aluno3-2017-06-19-09:02:15.png,0.0454901233,0.9461153,0.0005657133,0.000168228085,0.000618200866,0.00394163,0.00147603627,0.00162476453,aluno3
9:02:15-aluno3-2017-06-19-09:02:18.png,0.0265278667,0.96549505,0.00021273701,4.33458772e-05,0.000570819655,0.00341239874,0.00259810151,0.00113967317,aluno3
9:02:16-aluno3-2017-06-19-09:02:19.png,0.019740887,0.9729829,0.0002538193,5.5030232e-05,0.0006019456,0.00320378388,0.00195707823,0.00120456016,aluno3
9:02:18-aluno3-2017-06-19-09:02:20.png,0.01699268,0.9814166,0.000353911048,3.325655e-05,2.378303e-05,9.18538863e-05,1.70891462e-06,0.00108624145,aluno3
9:02:20-aluno3-2017-06-19-09:02:23.png,0.0277646743,0.7274123,0.00103489461,0.00350255938,0.00097128714,0.229153842,0.00186282978,0.008297609,aluno3
9:02:22-aluno3-2017-06-19-09:02:24.png,0.00666455831,0.938092053,0.00207084464,0.0001899014,0.000188871185,0.00676138047,9.368295e-05,0.0459387265,aluno3
9:02:24-aluno3-2017-06-19-09:02:26.png,0.0121674687,0.979753852,0.00379089243,4.46940867e-05,9.877309e-05,0.000113828166,1.82257531e-06,0.00402868539,aluno3
9:02:26-aluno3-2017-06-19-09:02:29.png,0.00201023975,0.7914613,0.00454702554,4.24784739e-05,8.315533e-05,5.73641846e-05,1.92605239e-06,0.201796532,aluno3
9:02:28-aluno3-2017-06-19-09:02:30.png,0.08449286,0.889379561,0.006814422,0.00421429332,0.0094908,0.00403712271,0.0004691868,0.00110174762,aluno3
9:02:30-aluno3-2017-06-19-09:02:33.png,0.121030852,0.867124557,0.002170333,0.0007750296,0.0007178565,0.00222717668,0.00028882848,0.00566534372,aluno3
9:02:32-aluno3-2017-06-19-09:02:34.png,0.008232901,0.987665534,0.00243754778,4.87878569e-05,0.000178336413,4.303559e-05,6.73221e-07,0.00139319745,aluno3
9:02:34-aluno3-2017-06-19-09:02:36.png,0.5012137,0.4542825,0.00208701752,0.001522046,0.0005003867,0.0223347787,0.0138637088,0.00419584848,aluno3
9:02:36-aluno3-2017-06-19-09:02:38.png,0.0240028966,0.9632989,0.00196587457,0.0002269434,0.000339856866,0.002045686,0.000118341421,0.008001489,aluno3
9:02:38-aluno3-2017-06-19-09:02:40.png,0.0249348413,0.9328291,0.00508177374,0.00280343951,0.002174585,0.0173557568,0.0006382406,0.0141822929,aluno3
9:02:44-aluno3-2017-06-19-09:02:47.png,0.03970702,0.95877254,0.000238280845,2.94119582e-05,6.03761e-06,0.001067864,9.898238e-06,0.000168928716,aluno3
9:02:46-aluno3-2017-06-19-09:02:48.png,0.00160328823,0.9966039,0.0007468266,3.70039265e-06,5.406638e-06,6.67119e-06,4.258301e-08,0.00103014009,aluno3
9:02:48-aluno3-2017-06-19-09:02:51.png,0.00438795751,0.994595647,0.000626654248,1.12199314e-05,4.207661e-05,2.34522377e-05,6.954184e-07,0.00031229,aluno3
9:02:50-aluno3-2017-06-19-09:02:52.png,0.006348966,0.956649661,0.00299875881,4.140229e-05,5.26451659e-05,7.003959e-05,1.74467311e-06,0.0338367634,aluno3
9:02:52-aluno3-2017-06-19-09:02:55.png,0.0334958248,0.963129,0.000934711134,8.469393e-05,8.55954058e-05,0.001417043,1.444519e-05,0.00083872187,aluno3
9:02:54-aluno3-2017-06-19-09:02:57.png,0.03688418,0.9582291,0.00104711927,0.000406664185,0.000335031335,0.00248165429,3.53344767e-05,0.000580901862,aluno3
9:02:56-aluno3-2017-06-19-09:02:59.png,0.05726018,0.932894468,0.007264994,0.0003081455,0.0006282656,0.0004853851,5.14126659e-05,0.00110713765,aluno3
9:02:58-aluno3-2017-06-19-09:03:00.png,0.005517896,0.993368149,0.0007560559,9.964863e-06,4.84895463e-05,0.000147744155,1.88235776e-06,0.000149817963,aluno3
9:03:02-aluno3-2017-06-19-09:03:04.png,0.006517487,0.979003966,0.00174260628,1.63000586e-05,1.301392e-05,5.02547555e-05,1.03275e-06,0.012655329,aluno3
9:03:02-aluno3-2017-06-19-09:03:05.png,0.0031160072,0.959928751,0.00306402566,1.78458522e-05,5.208885e-06,4.40292824e-05,8.319564e-07,0.03382331,aluno3
9:03:04-aluno3-2017-06-19-09:03:06.png,0.0468590856,0.8557177,0.00089706626,0.00397990458,0.000388684828,0.089859724,0.001312586,0.0009851989,aluno3
9:03:06-aluno3-2017-06-19-09:03:09.png,0.0229874253,0.970828235,0.00222416548,0.000171411113,5.55517945e-05,0.0006658137,1.34536158e-05,0.00305393478,aluno3
9:03:08-aluno3-2017-06-19-09:03:11.png,0.0247730725,0.674165,0.00044520013,0.004632372,0.000409523956,0.294140249,0.000803758157,0.000630844559,aluno3
9:03:10-aluno3-2017-06-19-09:03:12.png,0.0418547131,0.9564459,0.0004268991,6.614021e-05,0.000105952524,0.000658570032,5.814474e-05,0.000383728941,aluno3
9:03:12-aluno3-2017-06-19-09:03:15.png,0.0173950363,0.9800567,0.00191932707,2.036831e-05,1.81764844e-05,3.70931848e-05,1.17173863e-06,0.000552133948,aluno3
9:03:14-aluno3-2017-06-19-09:03:16.png,0.05432149,0.924253464,0.00071765593,0.00144327921,0.0003088402,0.0171019025,0.0007390964,0.001114274,aluno3
9:03:16-aluno3-2017-06-19-09:03:19.png,0.02083841,0.9356373,0.003262154,0.00145946967,0.00114971644,0.02640696,0.0006380032,0.0106079746,aluno3
9:03:18-aluno3-2017-06-19-09:03:20.png,0.0301023945,0.824856,0.0867147,0.000196756955,5.8758902e-05,4.715839e-05,2.51157985e-06,0.0580217279,aluno3
9:03:20-aluno3-2017-06-19-09:03:23.png,0.0480560176,0.941521764,0.005000966,0.000500185066,8.909584e-05,0.00172269926,6.76401542e-05,0.00304161641,aluno3
9:03:22-aluno3-2017-06-19-09:03:25.png,0.0187571272,0.9805718,0.000275176542,6.59266743e-06,3.498911e-05,0.000232987164,2.236699e-05,9.897753e-05,aluno3
9:03:24-aluno3-2017-06-19-09:03:26.png,0.1166782,0.881831348,0.000510002545,8.32791338e-05,7.338418e-05,0.000286962633,5.21141519e-05,0.0004847062,aluno3
9:03:26-aluno3-2017-06-19-09:03:29.png,0.0833449662,0.9089451,0.0019301225,0.000369556132,0.000286788621,0.00149824622,0.0002028673,0.00342235132,aluno3
9:03:28-aluno3-2017-06-19-09:03:31.png,0.0332593732,0.5785867,0.001110559,0.00632640161,0.001047257,0.376576841,0.001745068,0.0013478077,aluno3
9:03:30-aluno3-2017-06-19-09:03:33.png,0.0456794351,0.953128159,0.0005804484,2.34030267e-05,2.01417588e-05,6.637567e-05,3.77598e-06,0.0004982692,aluno3
9:03:32-aluno3-2017-06-19-09:03:34.png,0.344392359,0.5897686,0.0274738949,0.0201236531,0.000946573331,0.00922867749,0.004840956,0.00322528556,aluno3
9:03:34-aluno3-2017-06-19-09:03:36.png,0.05200187,0.9380636,0.00446315669,0.000131675188,4.769823e-05,0.0001038716,1.01362075e-05,0.00517798448,aluno3
9:03:36-aluno3-2017-06-19-09:03:39.png,0.040347442,0.9554967,0.00162627944,0.000130649729,0.000121839817,0.0003013736,1.53833444e-05,0.001960306,aluno3
9:03:38-aluno3-2017-06-19-09:03:41.png,0.0212979224,0.9764272,0.00088403374,7.295408e-05,0.000143771656,0.000614425458,6.57478e-05,0.000493975065,aluno3
9:03:40-aluno3-2017-06-19-09:03:42.png,0.4147521,0.5120594,0.0009325934,0.0030719738,0.0017744411,0.04672852,0.0130869718,0.007594019,aluno3
9:03:42-aluno3-2017-06-19-09:03:45.png,0.015967235,0.9781766,0.001648414,2.45809551e-05,1.73396165e-05,0.000115162977,2.6451296e-06,0.004048021,aluno3
9:03:44-aluno3-2017-06-19-09:03:47.png,0.231035769,0.7650135,0.00245596655,0.000235317333,0.000148254912,0.000270855322,5.386064e-05,0.0007864697,aluno3
9:03:46-aluno3-2017-06-19-09:03:49.png,0.250760227,0.7471126,0.00130986411,0.00013208446,9.42103361e-05,0.000237310072,6.400272e-05,0.000289723161,aluno3
9:03:48-aluno3-2017-06-19-09:03:51.png,0.141907126,0.8539466,0.002524615,0.0002476742,0.0001867451,0.000443962461,6.378805e-05,0.0006794832,aluno3
9:03:51-aluno3-2017-06-19-09:03:54.png,0.127056316,0.871818662,0.0003843604,7.799794e-05,0.000113557137,0.0002749311,3.25744659e-05,0.000241582689,aluno3
9:03:52-aluno3-2017-06-19-09:03:55.png,0.1323235,0.866687536,0.000367825967,8.542554e-05,8.757788e-05,0.00019709082,2.083079e-05,0.000230204634,aluno3
9:03:54-aluno3-2017-06-19-09:03:57.png,0.07220708,0.9271497,0.0002419582,3.63858635e-05,6.602857e-05,0.000148331266,1.10559276e-05,0.00013946,aluno3
9:03:56-aluno3-2017-06-19-09:03:59.png,0.0541352071,0.922048032,0.00427714735,0.0001786472,9.324373e-05,0.0001671619,1.73065855e-05,0.0190832261,aluno3
9:04:00-aluno3-2017-06-19-09:04:03.png,0.009631172,0.754979551,0.00020352492,0.000396970543,0.000127073159,0.2344094,0.000111311427,0.000140999648,aluno3
9:04:03-aluno3-2017-06-19-09:04:06.png,0.03072655,0.967816949,0.000538671,2.18744226e-05,5.84659028e-05,0.0005269479,5.355083e-05,0.000256976084,aluno3
9:04:04-aluno3-2017-06-19-09:04:07.png,0.008917836,0.9894792,0.000174097091,2.95892078e-05,5.64315342e-05,0.00105647056,4.07923544e-05,0.000245572446,aluno3
9:04:06-aluno3-2017-06-19-09:04:09.png,0.003545639,0.943568945,0.004530506,0.000199740374,0.000325094879,0.0001956851,1.648901e-06,0.04763275,aluno3
9:04:08-aluno3-2017-06-19-09:04:10.png,0.00240360713,0.5676242,0.00692429347,1.71951942e-05,1.57507441e-06,1.97273657e-05,1.35371522e-07,0.423009276,aluno3
9:04:10-aluno3-2017-06-19-09:04:12.png,0.0359438062,0.7783237,0.004311128,0.000881852349,0.000343156484,0.0004815857,4.13035923e-05,0.179673448,aluno3
9:04:12-aluno3-2017-06-19-09:04:15.png,0.672765434,0.3116066,0.008474837,0.000790422841,0.0005096734,0.002899489,0.00224895612,0.0007046027,aluno3
9:04:14-aluno3-2017-06-19-09:04:17.png,0.0593460649,0.936976731,0.00209459313,9.06275745e-05,4.05976971e-05,5.73118e-05,3.26621762e-06,0.00139083061,aluno3
9:04:18-aluno3-2017-06-19-09:04:20.png,0.0237947088,0.9383061,0.00091138,0.000593210338,0.000280043867,0.034229137,0.0004791756,0.00140627089,aluno3
9:04:18-aluno3-2017-06-19-09:04:21.png,0.0308277216,0.7817517,0.00101398712,0.00421527168,0.00111880992,0.17714043,0.002204155,0.00172794878,aluno3
9:04:20-aluno3-2017-06-19-09:04:22.png,0.001480445,0.191309974,0.00015299987,0.00417058356,0.0003397093,0.801569164,3.114826e-05,0.000945962558,aluno3
9:04:22-aluno3-2017-06-19-09:04:24.png,0.03857418,0.9469812,0.00482801,0.00112928532,0.0006962582,0.003419519,0.000238226581,0.004133351,aluno3
9:04:24-aluno3-2017-06-19-09:04:26.png,0.129710779,0.8676823,0.00154105877,6.897745e-05,0.000585979666,0.000164399346,5.65188529e-05,0.000190012724,aluno3
9:04:26-aluno3-2017-06-19-09:04:29.png,0.05078911,0.9429177,0.00372049282,0.00020649514,0.000103115861,0.000122110723,3.21586072e-06,0.00213775062,aluno3
9:04:28-aluno3-2017-06-19-09:04:30.png,0.0132361306,0.9830519,0.002115296,2.61329515e-05,3.777888e-05,3.655444e-05,1.72811542e-06,0.00149450928,aluno3
9:04:30-aluno3-2017-06-19-09:04:33.png,0.0798147544,0.9183806,0.0008038507,8.693021e-05,8.270199e-05,0.000265517,2.31939812e-05,0.0005424156,aluno3
9:04:32-aluno3-2017-06-19-09:04:35.png,0.176087826,0.8202847,0.00146109785,0.000215351683,0.000200615017,0.000481131079,8.167096e-05,0.00118757866,aluno3
9:04:34-aluno3-2017-06-19-09:04:37.png,0.0600127764,0.9374837,0.00124071573,0.000106406122,0.0002221839,0.0002672571,4.36713162e-05,0.0006232395,aluno3
9:04:36-aluno3-2017-06-19-09:04:38.png,0.182934836,0.8150035,0.0006185121,0.00017267598,0.0001863607,0.000605746638,0.000121889621,0.0003564854,aluno3
9:04:38-aluno3-2017-06-19-09:04:40.png,0.5406199,0.4538933,0.00117692736,0.00111458567,0.0006764857,0.00142857234,0.0009119585,0.000178258721,aluno3
9:04:40-aluno3-2017-06-19-09:04:42.png,0.354316473,0.6427423,0.00176367688,0.000295808364,0.000437110546,0.000162901008,9.322326e-05,0.000188524587,aluno3
9:04:42-aluno3-2017-06-19-09:04:45.png,0.223164618,0.773861,0.00171707629,0.000220909569,0.0005694951,9.953377e-05,5.63021022e-05,0.000311083539,aluno3
9:04:44-aluno3-2017-06-19-09:04:46.png,0.3711565,0.6234706,0.003197681,0.000565507158,0.0009223225,0.0003255478,0.000197649148,0.0001641785,aluno3
9:04:46-aluno3-2017-06-19-09:04:48.png,0.35109067,0.5550092,0.00123349763,0.006648655,0.00124218967,0.07349603,0.0106288474,0.0006509363,aluno3
9:04:50-aluno3-2017-06-19-09:04:52.png,0.08679002,0.9067961,0.00139548176,0.000458747323,0.0004415998,0.00303316861,0.000169343461,0.0009155494,aluno3
9:04:53-aluno3-2017-06-19-09:04:55.png,0.117329843,0.678786933,0.00306364754,0.018877944,0.00598154776,0.170033768,0.0040037944,0.00192253524,aluno3
9:04:54-aluno3-2017-06-19-09:04:56.png,0.421871573,0.5668312,0.00659186253,0.0009759042,0.000500437862,0.000125140359,4.05625542e-05,0.00306337024,aluno3
9:04:56-aluno3-2017-06-19-09:04:58.png,0.08593358,0.9112575,0.00136875745,0.00011244385,0.000101499529,0.00018037323,1.44199594e-05,0.00103141821,aluno3
9:04:58-aluno3-2017-06-19-09:05:01.png,0.380990237,0.6142163,0.0009376399,0.000395087874,0.00034446572,0.00174535869,0.0009997626,0.000371129456,aluno3
9:05:00-aluno3-2017-06-19-09:05:03.png,0.151879713,0.845392346,0.00111068191,0.000141343175,0.000342254265,0.000562030531,0.000109524233,0.000462089782,aluno3
9:05:02-aluno3-2017-06-19-09:05:04.png,0.09276639,0.381520659,0.00167501834,0.034752015,0.00675594667,0.475546539,0.00642271,0.0005607132,aluno3
9:05:04-aluno3-2017-06-19-09:05:07.png,0.1397502,0.406971574,0.00173752988,0.0308977738,0.0120712155,0.397392273,0.0101847975,0.0009946499,aluno3
9:05:06-aluno3-2017-06-19-09:05:08.png,0.7685536,0.221535817,0.00206381455,0.000773494365,0.0009050917,0.00108513376,0.00425388245,0.0008291833,aluno3
9:05:08-aluno3-2017-06-19-09:05:11.png,0.0599255,0.932783,0.00248623639,0.000488206628,0.000400775956,0.00205196,0.000149943953,0.00171437219,aluno3
9:05:10-aluno3-2017-06-19-09:05:13.png,0.1479637,0.470804721,0.00166833028,0.02176763,0.004560994,0.345307171,0.00735411374,0.0005733513,aluno3
9:05:12-aluno3-2017-06-19-09:05:15.png,0.3612777,0.6368534,0.000906230358,0.000222244867,0.0003440253,0.00013015134,7.593659e-05,0.000190308332,aluno3
9:05:14-aluno3-2017-06-19-09:05:17.png,0.1804015,0.7056454,0.002144915,0.008362605,0.00343758473,0.09149534,0.00713485433,0.001377799,aluno3
9:05:16-aluno3-2017-06-19-09:05:19.png,0.29940626,0.6964498,0.001995187,0.0006100921,0.0005577374,0.00041842775,0.000135388342,0.0004270876,aluno3
9:05:18-aluno3-2017-06-19-09:05:20.png,0.8467483,0.1207608,0.0001619345,0.0008349991,0.001281427,0.0108456612,0.009770535,0.00959632453,aluno3
9:05:20-aluno3-2017-06-19-09:05:22.png,0.3057678,0.377517223,0.305617541,0.00418107631,0.00177937385,0.000180882867,0.000115876093,0.004840227,aluno3
9:05:22-aluno3-2017-06-19-09:05:24.png,0.1695302,0.776604533,0.0467900634,0.00136234064,0.00223812927,0.000224408053,8.463851e-05,0.00316571281,aluno3
9:05:24-aluno3-2017-06-19-09:05:26.png,0.0539292246,0.945637941,0.000306162343,5.872839e-06,3.044866e-06,2.51773472e-05,1.690423e-06,9.085996e-05,aluno3
9:05:26-aluno3-2017-06-19-09:05:28.png,0.4603566,0.534104,0.000236676613,0.000234333667,0.0005534833,0.0018677694,0.00238109822,0.000266066636,aluno3
9:05:28-aluno3-2017-06-19-09:05:31.png,0.00467215851,0.9893762,0.002848895,1.24954577e-05,1.830249e-05,2.899695e-05,2.69828774e-07,0.00304270838,aluno3
9:05:30-aluno3-2017-06-19-09:05:33.png,0.1690235,0.8207534,0.00178948138,0.00133339048,0.0005989035,0.0041768495,0.000345272681,0.00197919668,aluno3
9:05:32-aluno3-2017-06-19-09:05:35.png,0.06755103,0.9262894,0.0035576683,0.000381960825,0.000278069318,0.00065203273,4.58791837e-05,0.00124398072,aluno3
9:05:36-aluno3-2017-06-19-09:05:39.png,0.0429941677,0.956608,0.000161352553,3.67664579e-05,1.82753683e-05,0.000138198913,1.25235047e-05,3.0707517e-05,aluno3
9:05:38-aluno3-2017-06-19-09:05:41.png,0.0305633117,0.9677362,0.0008386275,0.00014749782,0.000114565526,0.000349424634,6.974045e-05,0.000180672272,aluno3
9:05:40-aluno3-2017-06-19-09:05:42.png,0.0161793828,0.9819612,0.0008403056,5.07477635e-05,1.80676e-05,0.000825614843,1.751322e-05,0.000107193329,aluno3
9:05:42-aluno3-2017-06-19-09:05:45.png,0.0287516359,0.970147133,0.0008147831,3.49086076e-05,3.80195561e-05,0.000128213142,8.139947e-06,7.716753e-05,aluno3
9:05:44-aluno3-2017-06-19-09:05:47.png,0.04122979,0.957972,0.000624829263,1.92523548e-05,1.99748083e-05,6.05263158e-05,3.796614e-06,6.98592339e-05,aluno3
9:05:46-aluno3-2017-06-19-09:05:49.png,0.101615176,0.8909869,0.00380371581,0.000162224474,4.73357941e-05,0.000116560761,9.590089e-06,0.0032585084,aluno3
9:05:48-aluno3-2017-06-19-09:05:51.png,0.03815709,0.9453645,0.00125621958,0.002113747,0.0002601182,0.0103868572,0.000167283462,0.00229420979,aluno3
9:05:50-aluno3-2017-06-19-09:05:53.png,0.04649275,0.951553762,0.0007933165,5.56408449e-05,1.488327e-05,0.00010079849,3.49288848e-06,0.0009853381,aluno3
9:05:52-aluno3-2017-06-19-09:05:55.png,0.020697223,0.9780668,0.000493048,0.000221282884,3.44062319e-05,0.0003219696,9.122119e-06,0.000156167516,aluno3
9:05:54-aluno3-2017-06-19-09:05:57.png,0.0225863121,0.97258395,0.00227811025,6.243835e-05,9.844257e-05,0.00017251294,1.783084e-05,0.00220038136,aluno3
9:05:56-aluno3-2017-06-19-09:05:59.png,0.0462369621,0.943015,0.00194609,0.0007504792,0.000416717026,0.00430530775,0.0003293436,0.00300010224,aluno3
9:05:58-aluno3-2017-06-19-09:06:01.png,0.0381958075,0.9545265,0.001885398,0.000230297141,0.000116698,0.0008866616,0.000103727252,0.0040549,aluno3
9:06:00-aluno3-2017-06-19-09:06:03.png,0.0799586549,0.9024814,4.262483e-05,3.888368e-06,3.89075176e-05,0.00718926126,0.00426262524,0.00602268428,aluno3
9:06:02-aluno3-2017-06-19-09:06:05.png,0.315331519,0.620090544,0.000146085484,7.69329054e-05,0.000349118549,0.03904707,0.0120700253,0.0128887044,aluno3
9:06:06-aluno3-2017-06-19-09:06:09.png,0.300706953,0.6642652,0.0002862957,5.82314351e-05,9.766822e-05,0.0151259527,0.008429402,0.0110302959,aluno3
9:06:08-aluno3-2017-06-19-09:06:11.png,0.04995353,0.7761079,0.001203628,0.00171992986,0.00028300425,0.166373834,0.00399415055,0.000363990926,aluno3
9:06:10-aluno3-2017-06-19-09:06:13.png,0.05970524,0.9396209,3.975817e-05,3.19770515e-06,1.23553527e-05,0.0004997754,4.79643677e-05,7.077164e-05,aluno3
9:06:12-aluno3-2017-06-19-09:06:14.png,0.177665725,0.818690658,0.000100565245,6.02726323e-05,0.000127247433,0.002098773,0.000652700546,0.0006040501,aluno3
9:06:14-aluno3-2017-06-19-09:06:16.png,0.005809608,0.808051646,0.002091758,0.002617005,0.00035481446,0.169788584,8.84126639e-05,0.0111981416,aluno3
9:06:16-aluno3-2017-06-19-09:06:19.png,0.00594189623,0.9924514,0.0009305217,3.49128532e-05,1.522724e-05,0.000223476891,1.1943149e-06,0.000401327648,aluno3
9:06:20-aluno3-2017-06-19-09:06:23.png,0.0327400267,0.959979057,0.00233155023,0.0008961998,9.243304e-05,0.00283993152,0.000113464725,0.00100732478,aluno3
9:06:22-aluno3-2017-06-19-09:06:24.png,0.009616119,0.9886544,0.00101671845,0.000133164911,1.80767856e-05,0.000302493281,6.10983852e-06,0.000252955768,aluno3
9:06:24-aluno3-2017-06-19-09:06:27.png,0.00253196387,0.996255,0.000855738646,8.987062e-06,4.460108e-06,1.64771063e-05,2.41092522e-07,0.00032715447,aluno3
9:06:26-aluno3-2017-06-19-09:06:29.png,0.00341691426,0.9963756,0.000173821856,3.25517431e-06,1.96273481e-06,1.10286555e-05,2.15825793e-07,1.7161492e-05,aluno3
9:06:28-aluno3-2017-06-19-09:06:31.png,0.0160932355,0.9837214,0.000128707077,1.18608687e-05,1.84598889e-06,2.67840987e-05,5.0899223e-07,1.5682499e-05,aluno3
9:06:30-aluno3-2017-06-19-09:06:33.png,0.0258639436,0.973618865,0.0003473533,3.60371923e-05,5.49684728e-06,6.357707e-05,2.50850758e-06,6.223771e-05,aluno3
9:06:33-aluno3-2017-06-19-09:06:35.png,0.003809264,0.9956577,0.000307791663,1.68980732e-05,9.239533e-06,0.000118472715,1.672855e-06,7.89728438e-05,aluno3
9:06:34-aluno3-2017-06-19-09:06:37.png,0.00571686542,0.9936825,0.000418738317,3.05466128e-05,1.3923509e-05,7.59884351e-05,1.65955782e-06,5.97625476e-05,aluno3
9:06:36-aluno3-2017-06-19-09:06:39.png,0.0105395485,0.8949014,0.00211464451,0.005300032,0.000445459329,0.0835998952,0.000151969492,0.002947058,aluno3
9:06:38-aluno3-2017-06-19-09:06:41.png,0.007150149,0.9920138,0.0006460702,3.34820761e-05,1.87719288e-05,5.19454661e-05,1.508743e-06,8.42617956e-05,aluno3
9:06:41-aluno3-2017-06-19-09:06:44.png,0.007925723,0.9901543,0.00120681629,8.768215e-05,1.89281582e-05,9.155159e-05,2.01179569e-06,0.0005129414,aluno3
9:06:43-aluno3-2017-06-19-09:06:46.png,0.007739371,0.991688251,0.000464051031,1.69746527e-05,1.0179795e-05,2.50173853e-05,9.843433e-07,5.517523e-05,aluno3
9:06:47-aluno3-2017-06-19-09:06:49.png,0.0112669375,0.7140642,0.016392624,0.00030543172,0.000173847613,0.000169034189,1.46310822e-05,0.257613331,aluno3
9:06:50-aluno3-2017-06-19-09:06:52.png,0.0172074884,0.979400039,0.0007569945,0.000213656574,0.000279176747,0.00103411265,0.000147135725,0.0009614239,aluno3
9:06:51-aluno3-2017-06-19-09:06:54.png,0.0156560913,0.9764359,0.00274919625,0.000464708864,0.00033155104,0.0005373809,5.11864419e-05,0.00377396727,aluno3
9:06:53-aluno3-2017-06-19-09:06:56.png,0.01020257,0.989213169,0.000432892935,2.57995544e-05,5.28790224e-05,4.59942567e-05,1.48231743e-06,2.51854744e-05,aluno3
9:06:54-aluno3-2017-06-19-09:06:56.png,0.008092065,0.991749048,9.119862e-05,7.36236325e-06,6.82970176e-06,3.76457028e-05,8.974918e-07,1.49417592e-05,aluno3
9:06:56-aluno3-2017-06-19-09:06:59.png,0.00167988334,0.99288857,0.003141154,2.28616227e-05,1.25188708e-05,0.000174370885,8.841381e-07,0.002079763,aluno3
9:06:58-aluno3-2017-06-19-09:07:00.png,0.0264114477,0.972034454,0.0008437529,5.63797548e-05,0.000141530676,0.0004681954,2.36374017e-05,2.061628e-05,aluno3
9:07:00-aluno3-2017-06-19-09:07:02.png,0.09572088,0.9024744,0.0007665663,0.000177236958,0.000310871343,0.0004664409,7.5560034e-05,8.051164e-06,aluno3
9:07:04-aluno3-2017-06-19-09:07:06.png,0.0305004138,0.560228467,0.000476191868,0.007191898,0.00172231463,0.3968215,0.00249669515,0.000562504,aluno3
9:07:05-aluno3-2017-06-19-09:07:07.png,0.0263302363,0.9706568,0.000291908946,0.000172016,0.000434562447,0.0015647941,0.000125801846,0.000423872028,aluno3
9:07:06-aluno3-2017-06-19-09:07:08.png,0.07324093,0.8926282,0.000427303,0.0013103371,0.0003089411,0.0290917475,0.00191423937,0.00107829808,aluno3
9:07:08-aluno3-2017-06-19-09:07:10.png,0.0125012239,0.719213,0.000351178722,0.005986215,0.002959861,0.257898152,0.0008962379,0.000194143227,aluno3
9:07:10-aluno3-2017-06-19-09:07:12.png,0.0110310968,0.9743241,0.000522503,0.0004318437,0.000151241373,0.0130259525,9.197886e-05,0.0004213005,aluno3
9:07:12-aluno3-2017-06-19-09:07:14.png,0.0344051644,0.964832544,0.000361581915,4.516484e-05,1.19220176e-05,0.00026246882,5.575239e-06,7.55812143e-05,aluno3
9:07:14-aluno3-2017-06-19-09:07:16.png,0.007907341,0.9918757,0.000113918388,4.9899827e-06,1.26659108e-06,6.32074662e-05,1.081725e-06,3.25018664e-05,aluno3
9:07:16-aluno3-2017-06-19-09:07:19.png,0.0034717212,0.994719446,0.000920162,9.463762e-06,2.366087e-06,0.000197169618,1.556799e-06,0.0006781226,aluno3
9:07:18-aluno3-2017-06-19-09:07:21.png,0.017454477,0.9812528,0.0009884494,1.45636695e-05,2.00753834e-06,0.000265900075,1.81537973e-06,2.0022735e-05,aluno3
9:07:20-aluno3-2017-06-19-09:07:22.png,0.008056339,0.9903921,0.0012910798,8.631249e-06,1.80123379e-06,0.000164599784,1.22765312e-06,8.423692e-05,aluno3
9:07:22-aluno3-2017-06-19-09:07:25.png,0.01382503,0.983357549,0.00261035119,9.742595e-06,1.68098143e-06,0.000143337151,1.15104683e-06,5.11685175e-05,aluno3
9:07:24-aluno3-2017-06-19-09:07:27.png,0.0221601129,0.974352062,0.00308503443,2.82329966e-05,6.07352376e-06,0.000190267558,2.65471317e-06,0.000175544672,aluno3
9:07:26-aluno3-2017-06-19-09:07:28.png,0.0189043749,0.979152739,0.00162961776,1.69364412e-05,3.2007074e-06,0.000243934643,2.13497538e-06,4.706977e-05,aluno3
9:07:28-aluno3-2017-06-19-09:07:30.png,0.0118845925,0.9846925,0.0019897928,6.6896624e-05,6.61977265e-06,0.00110009674,7.089095e-06,0.0002523877,aluno3
9:07:30-aluno3-2017-06-19-09:07:33.png,0.004430161,0.8184216,0.0206870679,0.000187628379,3.467289e-05,0.000490156,4.645738e-06,0.155744076,aluno3
9:07:32-aluno3-2017-06-19-09:07:35.png,0.016109651,0.979584455,0.00373556581,2.33619758e-05,2.09992459e-06,0.000302267174,1.28264e-06,0.000241323272,aluno3
9:07:34-aluno3-2017-06-19-09:07:36.png,0.0160519816,0.9816283,0.00199468876,2.12376217e-05,3.38340669e-06,0.000211685183,2.748241e-06,8.595112e-05,aluno3
9:07:36-aluno3-2017-06-19-09:07:39.png,0.0181173887,0.979989052,0.00150343659,2.3389015e-05,6.4525675e-06,0.000316735532,3.674375e-06,3.987669e-05,aluno3
9:07:38-aluno3-2017-06-19-09:07:40.png,0.0442813076,0.9529268,0.00248512067,3.445109e-05,5.076847e-06,0.000222279981,3.76196363e-06,4.11887777e-05,aluno3
9:07:40-aluno3-2017-06-19-09:07:42.png,0.0239077862,0.9747003,0.00122744113,1.41228156e-05,3.36129e-06,0.000133514943,1.38374764e-06,1.21429493e-05,aluno3
9:07:42-aluno3-2017-06-19-09:07:44.png,0.0284469053,0.9690089,0.002302386,1.81731357e-05,4.321177e-06,0.000168471452,2.20337347e-06,4.858766e-05,aluno3
9:07:44-aluno3-2017-06-19-09:07:47.png,0.0216517039,0.9760277,0.00221609627,8.31832949e-06,1.377009e-06,4.942429e-05,4.25879136e-07,4.49137769e-05,aluno3
9:07:46-aluno3-2017-06-19-09:07:49.png,0.01654456,0.9821426,0.00112906063,1.32320056e-05,4.929307e-06,0.0001429118,2.152691e-06,2.05001525e-05,aluno3
9:07:48-aluno3-2017-06-19-09:07:50.png,0.0183453262,0.980263948,0.00128476857,8.961562e-06,2.236819e-06,7.340212e-05,8.85769339e-07,2.04921434e-05,aluno3
9:07:50-aluno3-2017-06-19-09:07:53.png,0.0221362617,0.976132035,0.00139930157,2.03861218e-05,4.20706647e-06,0.000273142825,4.733101e-06,2.99310141e-05,aluno3
9:07:52-aluno3-2017-06-19-09:07:55.png,0.01507012,0.983973,0.000641708029,1.9892339e-05,5.30688749e-06,0.000121255558,3.33155413e-06,0.000165377656,aluno3
9:07:54-aluno3-2017-06-19-09:07:56.png,0.0206677057,0.978314459,0.0006298832,2.02201627e-05,1.060983e-05,4.60069859e-05,1.6294365e-06,0.0003094561,aluno3
9:07:56-aluno3-2017-06-19-09:07:58.png,0.0255640149,0.971736,0.00176044158,0.000109331813,6.47084162e-05,0.0001593231,5.26323356e-06,0.000600924832,aluno3
9:07:58-aluno3-2017-06-19-09:08:00.png,0.0291135572,0.969884336,0.000590545242,6.229717e-05,4.06439176e-05,0.00016256838,4.94551e-06,0.00014113629,aluno3
9:08:00-aluno3-2017-06-19-09:08:02.png,0.031317845,0.9654551,0.00173125276,0.0001244828,0.000112990194,0.0002732722,1.6734346e-05,0.0009683223,aluno3
9:08:02-aluno3-2017-06-19-09:08:04.png,0.0203903839,0.977078855,0.00174632459,0.000122646554,0.000105165193,0.00017850686,6.37090352e-06,0.000371742353,aluno3
9:08:04-aluno3-2017-06-19-09:08:07.png,0.0324508362,0.9633833,0.00203645718,0.000177177222,0.000102582613,0.000265594834,1.62238375e-05,0.00156783988,aluno3
9:08:08-aluno3-2017-06-19-09:08:11.png,0.03205035,0.965659559,0.000963703147,0.0001414425,5.46007759e-05,0.0004835592,2.75639231e-05,0.0006191969,aluno3
9:08:10-aluno3-2017-06-19-09:08:12.png,0.007073542,0.9920128,0.0006210678,1.14985251e-05,3.7523414e-06,0.000262735528,3.69008239e-06,1.09262546e-05,aluno3
9:08:12-aluno3-2017-06-19-09:08:14.png,0.04480089,0.9535886,0.00150826818,1.49070047e-05,9.581916e-06,7.021336e-05,3.035968e-06,4.52056e-06,aluno3
9:08:14-aluno3-2017-06-19-09:08:16.png,0.0248773452,0.97304374,0.00188050617,2.8872e-05,1.14336717e-05,0.000147210623,4.002305e-06,6.91674859e-06,aluno3
9:08:16-aluno3-2017-06-19-09:08:18.png,0.0187710226,0.974503338,0.0007331651,0.0003246099,0.000131607318,0.00508340262,0.000158848678,0.000294028461,aluno3
9:08:18-aluno3-2017-06-19-09:08:20.png,0.06885836,0.9300721,0.0006608083,2.909082e-05,1.90358423e-05,7.376613e-05,7.250191e-06,0.000279534463,aluno3
9:08:20-aluno3-2017-06-19-09:08:22.png,0.0187505633,0.9737104,0.00349726,0.00012780921,6.922792e-05,0.000230899517,2.62213835e-05,0.00358757074,aluno3
9:08:22-aluno3-2017-06-19-09:08:25.png,0.0318992846,0.967847347,0.00018999727,5.770168e-06,1.46563468e-06,4.47873645e-05,6.152005e-07,1.0706387e-05,aluno3
9:08:24-aluno3-2017-06-19-09:08:26.png,0.03337918,0.9655265,0.000664454361,2.84733469e-05,1.21734583e-05,0.000218483212,5.44521072e-06,0.00016526143,aluno3
9:08:26-aluno3-2017-06-19-09:08:28.png,0.03488755,0.9645323,0.000390318659,1.92746447e-05,8.794716e-06,9.371185e-05,2.250877e-06,6.58001e-05,aluno3
9:08:28-aluno3-2017-06-19-09:08:31.png,0.04779061,0.950980544,0.0006402712,4.882886e-05,2.04671342e-05,0.000209602236,8.616899e-06,0.000301043561,aluno3
9:08:30-aluno3-2017-06-19-09:08:33.png,0.0355743542,0.962558448,0.00078950217,9.048817e-05,1.86197631e-05,0.000579368731,1.0763104e-05,0.0003784635,aluno3
9:08:32-aluno3-2017-06-19-09:08:35.png,0.0333160423,0.965381742,0.0007029898,6.07941256e-05,2.39664641e-05,0.0003384014,8.899235e-06,0.000167157632,aluno3
9:08:34-aluno3-2017-06-19-09:08:36.png,0.0308147371,0.9660586,0.00119834777,0.0001278235,2.30993937e-05,0.0007241833,1.38876267e-05,0.00103932514,aluno3
9:08:36-aluno3-2017-06-19-09:08:38.png,0.0207709465,0.9755175,0.00146707054,0.000111235808,2.30102141e-05,0.00061683415,1.61557145e-05,0.001477252,aluno3
9:08:38-aluno3-2017-06-19-09:08:41.png,0.01232975,0.9833322,0.0012020258,0.000126711442,2.89363361e-05,0.00205573067,2.52327518e-05,0.000899369537,aluno3
9:08:40-aluno3-2017-06-19-09:08:43.png,0.009095636,0.369541317,0.0003701354,0.006181568,0.00054891227,0.6127295,0.0009728306,0.000560079236,aluno3
9:08:43-aluno3-2017-06-19-09:08:46.png,0.0148186749,0.963435,0.0127709517,0.00104880158,0.00048570495,0.00269657932,0.000117535,0.00462674,aluno3
9:08:44-aluno3-2017-06-19-09:08:46.png,0.002736603,0.995416939,0.00122904265,1.17684222e-05,1.15808e-05,5.222437e-05,3.42535941e-07,0.0005415057,aluno3
9:08:46-aluno3-2017-06-19-09:08:50.png,0.00749613764,0.966770649,2.67328123e-05,2.89086324e-06,1.85730241e-05,0.0208580419,0.00219351682,0.00263345055,aluno3
9:08:48-aluno3-2017-06-19-09:08:51.png,0.07821243,0.789681852,0.000156121721,8.716074e-05,5.38681561e-05,0.120301619,0.00222634431,0.009280612,aluno3
9:08:50-aluno3-2017-06-19-09:08:53.png,0.0235493034,0.975812733,0.000426720944,2.39830661e-05,5.771249e-06,7.068794e-05,5.35975232e-06,0.000105419378,aluno3
9:08:52-aluno3-2017-06-19-09:08:54.png,0.0604108647,0.9367095,0.00169861328,0.000259169552,3.4468685e-05,0.000440301752,2.24106861e-05,0.000424620521,aluno3
9:08:54-aluno3-2017-06-19-09:08:56.png,0.0144622419,0.9821189,0.000821486348,0.000250978715,9.092153e-05,0.0007824278,2.91370252e-05,0.00144389994,aluno3
9:08:56-aluno3-2017-06-19-09:08:58.png,0.08113555,0.9175962,0.000761515636,8.772714e-05,0.0001329149,9.075876e-05,1.15521361e-05,0.000183753276,aluno3
9:08:58-aluno3-2017-06-19-09:09:00.png,0.04862579,0.944598734,0.006025004,6.736798e-05,5.06416945e-05,2.51590318e-05,1.592736e-06,0.000605739129,aluno3
9:09:00-aluno3-2017-06-19-09:09:02.png,0.03148635,0.967002034,0.00127041235,6.037186e-05,3.89528432e-05,4.39156429e-05,3.23452355e-06,9.474685e-05,aluno3
9:09:02-aluno3-2017-06-19-09:09:05.png,0.030636983,0.9627502,0.00581603777,7.82819261e-05,2.23289917e-05,1.94102031e-05,9.075035e-07,0.000675879943,aluno3
9:09:04-aluno3-2017-06-19-09:09:06.png,0.04580217,0.9500622,0.00347030954,0.000121981553,0.000132540357,6.934767e-05,5.643409e-06,0.0003357666,aluno3
9:09:06-aluno3-2017-06-19-09:09:08.png,0.05221382,0.9431427,0.00273556332,0.0002768663,0.000250203273,0.000183156691,2.2123686e-05,0.00117554166,aluno3
9:09:08-aluno3-2017-06-19-09:09:10.png,0.04069931,0.953897059,0.00374731747,0.000236224863,0.000242753347,0.000160652882,1.55857415e-05,0.00100110413,aluno3
9:09:10-aluno3-2017-06-19-09:09:13.png,0.07089412,0.926942,0.00174078729,6.707132e-05,4.25838734e-05,7.43910059e-05,1.43015959e-05,0.000224734613,aluno3
9:09:12-aluno3-2017-06-19-09:09:14.png,0.06923877,0.924873769,0.003022025,0.000476345973,0.000446420861,0.0005389097,8.456916e-05,0.00131921808,aluno3
9:09:14-aluno3-2017-06-19-09:09:16.png,0.078137055,0.9191719,0.00146869023,3.45033441e-05,8.82646e-06,0.000116785661,2.238505e-05,0.00103984366,aluno3
9:09:16-aluno3-2017-06-19-09:09:18.png,0.0288141146,0.9697162,0.000838023261,3.81905e-05,1.013924e-05,0.000269520533,9.709871e-06,0.0003041308,aluno3
9:09:18-aluno3-2017-06-19-09:09:21.png,0.0267468523,0.9714175,0.00102741108,7.900859e-05,3.0832638e-05,0.0004583042,3.626617e-05,0.00020386836,aluno3
9:09:20-aluno3-2017-06-19-09:09:22.png,0.0249029715,0.972483,0.00252362341,1.06765965e-05,7.378991e-06,6.607502e-05,1.15515263e-06,5.1188e-06,aluno3
9:09:22-aluno3-2017-06-19-09:09:24.png,0.0327858,0.9614661,0.004886689,0.000129765409,4.04128623e-05,0.0005765463,2.09761965e-05,9.374576e-05,aluno3
9:09:24-aluno3-2017-06-19-09:09:26.png,0.0343254656,0.960746765,0.00407963153,0.000103439386,4.92644467e-05,0.000616249454,2.33477022e-05,5.58261672e-05,aluno3
9:09:26-aluno3-2017-06-19-09:09:29.png,0.008112193,0.653642058,0.001966173,0.0015437071,0.0008341203,0.324247539,0.00295175822,0.006702425,aluno3
9:09:28-aluno3-2017-06-19-09:09:30.png,0.00835613,0.9731404,0.0181240477,2.79062351e-05,1.26851537e-05,0.000117730786,1.93475216e-06,0.0002191285,aluno3
9:09:30-aluno3-2017-06-19-09:09:32.png,0.01478443,0.982236564,0.00262209028,3.402378e-05,3.05242647e-05,0.000179423485,5.51613766e-06,0.000107426153,aluno3
9:09:32-aluno3-2017-06-19-09:09:34.png,0.0232838169,0.973156333,0.00314806425,7.322896e-05,2.18346977e-05,0.000274169142,1.06871685e-05,3.185844e-05,aluno3
9:09:34-aluno3-2017-06-19-09:09:36.png,0.027156096,0.9690389,0.00329307,6.106326e-05,2.115077e-05,0.0003810617,1.10576711e-05,3.7582402e-05,aluno3
9:09:36-aluno3-2017-06-19-09:09:38.png,0.0228408016,0.974028,0.0027100374,4.04466118e-05,1.51131035e-05,0.0003235777,7.938613e-06,3.40982042e-05,aluno3
9:09:38-aluno3-2017-06-19-09:09:41.png,0.0235934258,0.973707,0.00187249342,6.057195e-05,2.63521742e-05,0.0006404782,1.68193255e-05,8.285665e-05,aluno3
9:09:40-aluno3-2017-06-19-09:09:43.png,0.04428554,0.9529606,0.00151888374,0.000100240111,6.122438e-05,0.000280699547,3.22889e-05,0.0007604837,aluno3
9:09:42-aluno3-2017-06-19-09:09:44.png,0.0363455862,0.950613,0.0100150742,0.000192558524,2.38154626e-05,0.00034468458,1.28558131e-05,0.002452409,aluno3
9:09:44-aluno3-2017-06-19-09:09:46.png,0.03323697,0.9409519,0.0172756687,0.00020898816,4.44227953e-05,0.0001778653,1.01438527e-05,0.008094032,aluno3
9:09:46-aluno3-2017-06-19-09:09:49.png,0.03632951,0.951592743,0.00204935,0.000195395143,0.000415002083,0.00742925424,0.0008833802,0.00110536849,aluno3
9:09:48-aluno3-2017-06-19-09:09:50.png,0.4559281,0.5154241,0.000231339174,0.000170638683,0.000101974088,0.0166888814,0.00704569,0.004409307,aluno3
9:09:50-aluno3-2017-06-19-09:09:53.png,0.00154952332,0.997912347,0.0004007566,5.19435753e-06,6.85684e-06,2.999644e-05,4.62941756e-08,9.52543342e-05,aluno3
9:09:52-aluno3-2017-06-19-09:09:55.png,0.0187848862,0.918303967,0.00261631748,0.0012786421,0.00316287437,0.03227461,0.00533284526,0.0182458721,aluno3
9:09:54-aluno3-2017-06-19-09:09:57.png,0.0162984952,0.9490551,0.00209607882,0.008345951,0.000312726566,0.02240366,0.000115742063,0.00137228961,aluno3
9:09:56-aluno3-2017-06-19-09:09:59.png,0.02427784,0.959543049,0.000479035865,0.000883859058,3.518524e-05,0.0140769957,0.000137420531,0.0005665876,aluno3
9:09:58-aluno3-2017-06-19-09:10:00.png,0.018691808,0.979971647,0.0006739702,0.000102581689,6.00315325e-05,0.000205014832,5.82227176e-06,0.000289125543,aluno3
9:10:00-aluno3-2017-06-19-09:10:02.png,0.0249337,0.9730054,0.00108179147,5.28427881e-05,1.239522e-05,5.83427754e-05,2.18450873e-06,0.000853345438,aluno3
9:10:02-aluno3-2017-06-19-09:10:05.png,0.0016323122,0.99801,0.0001165375,4.08859432e-06,9.195391e-06,6.324877e-05,9.733888e-07,0.000163650737,aluno3
9:10:04-aluno3-2017-06-19-09:10:07.png,0.0017364634,0.997876346,6.207819e-05,6.645865e-06,1.53510755e-05,0.000275945815,2.62626941e-06,2.45659721e-05,aluno3
9:10:06-aluno3-2017-06-19-09:10:09.png,0.008307024,0.991394341,0.000167032267,2.68959848e-05,1.07268443e-05,7.344519e-05,1.98346061e-06,1.85319914e-05,aluno3
9:10:08-aluno3-2017-06-19-09:10:11.png,0.0106470538,0.8875956,0.000306579721,0.00164878764,0.0003079693,0.09815464,0.0008710652,0.000468301936,aluno3
9:10:10-aluno3-2017-06-19-09:10:13.png,0.000630122435,0.998921037,0.000101116442,5.55306769e-06,3.8170172e-05,0.000263401074,3.26508416e-06,3.73112161e-05,aluno3
9:10:12-aluno3-2017-06-19-09:10:15.png,0.00235413364,0.9973331,9.40330647e-05,5.073891e-06,6.45268847e-06,0.0001346874,1.000283e-06,7.148953e-05,aluno3
9:10:14-aluno3-2017-06-19-09:10:17.png,0.01636198,0.980207443,5.56504056e-05,5.06489869e-06,1.28415913e-05,0.00308853039,0.000229863872,3.86053034e-05,aluno3
9:10:16-aluno3-2017-06-19-09:10:19.png,0.005694231,0.9942041,5.48347234e-05,7.59533066e-07,4.59493634e-07,3.821209e-05,1.31463526e-06,6.10939333e-06,aluno3
9:10:20-aluno3-2017-06-19-09:10:22.png,0.06088983,0.9312102,0.00257932325,0.000178460745,0.000192443826,0.00115981686,0.000165822916,0.00362408417,aluno3
9:10:22-aluno3-2017-06-19-09:10:24.png,0.00695456238,0.961615145,0.00139212271,0.000680820551,0.0005057788,0.00247877976,0.000133129666,0.0262396876,aluno3
9:10:44-aluno3-2017-06-19-09:10:47.png,0.0030625083,0.697400331,0.0051001003,0.000264006841,0.000205888937,0.0002163735,5.286079e-06,0.2937455,aluno3
9:10:48-aluno3-2017-06-19-09:10:51.png,0.02568436,0.972943,0.0006646867,4.83096264e-05,3.59056648e-05,0.000100591271,6.86049725e-06,0.0005162614,aluno3
9:10:50-aluno3-2017-06-19-09:10:52.png,0.0458898246,0.9520684,0.001589049,6.754865e-05,5.4846947e-05,0.000179621275,1.34260381e-05,0.000137317,aluno3
9:10:52-aluno3-2017-06-19-09:10:55.png,0.109114505,0.888271868,0.00137356331,0.0001594963,0.00036999007,0.0002479078,7.024751e-05,0.0003924441,aluno3
9:10:54-aluno3-2017-06-19-09:10:57.png,0.0114076184,0.986676753,0.000823352253,3.52945935e-05,1.12204652e-05,0.000175550085,4.865233e-06,0.000865316542,aluno3
9:10:56-aluno3-2017-06-19-09:10:58.png,0.0219671037,0.9693667,0.0022516204,0.0006368284,0.000349470065,0.00220194226,8.840168e-05,0.0031378814,aluno3
9:10:58-aluno3-2017-06-19-09:11:00.png,0.0222260971,0.968521655,0.0022161107,0.000587418152,0.0002226511,0.002349993,8.468147e-05,0.00379139278,aluno3
9:11:00-aluno3-2017-06-19-09:11:02.png,0.0204727054,0.970950842,0.003030907,0.0005996199,0.000138157018,0.0008822158,3.22289925e-05,0.0038933428,aluno3
9:11:02-aluno3-2017-06-19-09:11:05.png,0.392553449,0.5913034,0.004322344,0.0007155238,0.000261657231,0.000213824547,6.647961e-05,0.0105633419,aluno3
9:11:04-aluno3-2017-06-19-09:11:06.png,0.205651984,0.7859664,0.004771025,0.0008903639,0.000396392628,0.000266844116,8.20842251e-05,0.00197489536,aluno3
9:11:06-aluno3-2017-06-19-09:11:08.png,0.0493575744,0.94417876,0.0028431993,0.00022963123,0.000121631463,0.000173737892,2.14118954e-05,0.003074032,aluno3
9:11:08-aluno3-2017-06-19-09:11:11.png,0.07218125,0.9211697,0.00618201075,0.000172506785,7.066928e-05,0.00018813106,1.84780256e-05,1.72867349e-05,aluno3
9:11:10-aluno3-2017-06-19-09:11:12.png,0.0264220051,0.9724054,0.000861362438,2.26294942e-05,1.4210691e-05,0.000242318391,5.3403237e-06,2.67663781e-05,aluno3
9:11:12-aluno3-2017-06-19-09:11:15.png,0.0247069858,0.9738725,0.00111955754,2.46868331e-05,1.04937153e-05,9.582912e-05,2.456053e-06,0.000167520382,aluno3
9:11:14-aluno3-2017-06-19-09:11:16.png,0.0110125411,0.987980068,0.000819936744,1.98883827e-05,8.807994e-06,7.786951e-05,1.133949e-06,7.977895e-05,aluno3
9:11:16-aluno3-2017-06-19-09:11:19.png,0.01903636,0.9799154,0.000748508959,2.96516e-05,8.14353552e-06,0.000106008985,2.12107238e-06,0.00015384522,aluno3
9:11:18-aluno3-2017-06-19-09:11:21.png,0.0208579488,0.977927148,0.000966822,3.53660544e-05,7.781289e-06,0.000108312743,1.73470767e-06,9.487618e-05,aluno3
9:11:20-aluno3-2017-06-19-09:11:23.png,0.02686288,0.9701129,0.00134851271,0.0001487236,3.99410164e-05,0.000309040362,9.152006e-06,0.001168836,aluno3
9:11:22-aluno3-2017-06-19-09:11:25.png,0.04252405,0.9542466,0.00146626076,0.0002260034,5.75542144e-05,0.000686093641,2.432884e-05,0.0007691494,aluno3
9:11:24-aluno3-2017-06-19-09:11:27.png,0.0282594226,0.9699125,0.000962720253,0.000109164124,3.57178869e-05,0.000315331476,1.04695109e-05,0.0003946191,aluno3
9:11:26-aluno3-2017-06-19-09:11:29.png,0.00261474075,0.9969682,5.52684469e-05,1.98302337e-06,4.685509e-06,5.919427e-05,1.81799692e-06,0.0002941227,aluno3
9:11:28-aluno3-2017-06-19-09:11:30.png,0.0379980132,0.961789966,0.000123481892,3.85251951e-06,2.01943749e-06,6.338192e-05,5.154661e-06,1.41238443e-05,aluno3
9:11:30-aluno3-2017-06-19-09:11:33.png,0.00119929365,0.9976046,2.05430169e-05,6.21698337e-06,0.000254689163,0.0008132708,1.70440162e-05,8.434766e-05,aluno3
9:11:32-aluno3-2017-06-19-09:11:35.png,0.1281198,0.870576739,0.000614993449,0.0001651861,0.000106213265,0.000104964631,9.103075e-06,0.0003029979,aluno3
9:11:34-aluno3-2017-06-19-09:11:36.png,0.07614812,0.922660768,0.0008236237,9.19856247e-05,3.75322779e-05,6.9611815e-05,1.77764571e-06,0.000166568265,aluno3
9:11:36-aluno3-2017-06-19-09:11:39.png,0.0632789,0.935111,0.00103331043,9.339683e-05,4.474021e-05,0.000198082707,1.5625601e-05,0.000224936259,aluno3
9:11:38-aluno3-2017-06-19-09:11:41.png,0.0960952,0.90322125,0.0003145587,6.37669436e-05,2.00660015e-05,0.000105592917,2.06094614e-06,0.000177512411,aluno3
9:11:41-aluno3-2017-06-19-09:11:44.png,0.1357462,0.710214,0.0006458323,0.0003141603,0.000438968476,0.0316833667,0.00747384131,0.1134836,aluno3
9:11:42-aluno3-2017-06-19-09:11:45.png,0.03167082,0.6403087,0.0005201888,7.98364053e-05,0.000207177058,0.00463018427,0.0006457957,0.321937323,aluno3
9:11:44-aluno3-2017-06-19-09:11:47.png,0.194777429,0.7725698,0.014973,0.000637061952,0.00119640538,0.00022847802,7.059219e-05,0.015547229,aluno3
9:11:46-aluno3-2017-06-19-09:11:48.png,0.0312535577,0.9578599,0.00289740181,0.0009509954,0.000447525148,0.003667696,0.000115221061,0.00280773849,aluno3
9:11:48-aluno3-2017-06-19-09:11:51.png,0.018650474,0.980155468,0.0009942797,2.16885237e-05,1.945393e-05,6.663305e-05,3.72264731e-06,8.826822e-05,aluno3
9:11:50-aluno3-2017-06-19-09:11:53.png,0.0158901382,0.9551917,4.71312123e-05,2.3636856e-05,3.40746155e-05,0.0281101689,0.00067973655,2.34127765e-05,aluno3
9:11:52-aluno3-2017-06-19-09:11:54.png,0.0004194869,0.07035174,2.251921e-05,0.008349422,0.004361884,0.915666759,2.76191768e-05,0.0008005731,aluno3
9:11:54-aluno3-2017-06-19-09:11:56.png,0.00423866929,0.07625142,0.000515586755,0.0209133215,0.017035732,0.8788818,0.0008476222,0.00131581118,aluno3
9:12:00-aluno3-2017-06-19-09:12:03.png,0.143038854,0.8467053,0.004838379,0.0003615961,0.0007075833,0.000149146435,2.2798e-05,0.0041763247,aluno3
9:12:02-aluno3-2017-06-19-09:12:05.png,0.003725909,0.996087134,9.625943e-05,8.788571e-06,2.9017308e-06,2.29836387e-05,1.52377311e-07,5.58992942e-05,aluno3
9:12:04-aluno3-2017-06-19-09:12:07.png,0.013307468,0.985565,0.00102827966,6.368612e-06,5.341614e-06,6.60351543e-06,1.658182e-07,8.079327e-05,aluno3
9:12:06-aluno3-2017-06-19-09:12:09.png,0.0816541538,0.9181294,0.000133719324,1.14787663e-05,1.92092411e-05,3.570931e-05,2.185398e-06,1.41867722e-05,aluno3
9:12:08-aluno3-2017-06-19-09:12:11.png,0.0134279337,0.9780245,0.00410367455,0.0003018906,0.000191137937,0.0008741161,2.07845333e-05,0.00305599114,aluno3
9:12:10-aluno3-2017-06-19-09:12:13.png,0.0266438834,0.970386446,0.00114269741,7.6916e-05,3.446628e-05,6.98827062e-05,2.36534834e-06,0.001643364,aluno3
9:12:12-aluno3-2017-06-19-09:12:15.png,0.0112395873,0.988265336,0.0003845315,1.39221265e-05,1.59729134e-05,4.0863717e-05,5.407954e-07,3.9270155e-05,aluno3
9:12:14-aluno3-2017-06-19-09:12:17.png,0.02950709,0.968324065,0.00112072716,9.970117e-05,0.00010371751,0.000306548172,1.82181248e-05,0.000519940455,aluno3
9:12:16-aluno3-2017-06-19-09:12:18.png,0.441915423,0.479993224,0.0577193052,0.009360726,0.004482972,0.00402756874,0.00109062938,0.00141015765,aluno3
9:12:18-aluno3-2017-06-19-09:12:21.png,0.424334556,0.52654,0.04369403,0.00392271671,0.00114832574,0.000135700437,1.992265e-05,0.000204788812,aluno3
9:12:20-aluno3-2017-06-19-09:12:22.png,0.004058151,0.9828227,0.000118536904,2.87898565e-05,0.000180752017,0.011678678,0.000808678742,0.00030371474,aluno3
9:12:22-aluno3-2017-06-19-09:12:25.png,0.00561200269,0.9913954,0.000144247431,2.3360888e-05,7.23368139e-05,0.002613849,0.00011905891,1.97407353e-05,aluno3
9:12:24-aluno3-2017-06-19-09:12:26.png,0.02330393,0.968907058,0.00371640921,0.0005130848,0.0005252503,0.00181486423,0.000179161318,0.00104025844,aluno3
9:12:26-aluno3-2017-06-19-09:12:28.png,0.0216032229,0.978123844,0.000153461908,2.57711963e-05,1.12183025e-05,2.73137848e-05,5.690765e-07,5.46031151e-05,aluno3
9:12:28-aluno3-2017-06-19-09:12:30.png,0.07530167,0.924123347,0.000432663219,3.21445659e-05,1.23333166e-05,6.464686e-05,3.89464276e-06,2.92805234e-05,aluno3
9:12:30-aluno3-2017-06-19-09:12:33.png,0.03411596,0.9639574,0.000802642666,0.000329937116,0.000282712281,0.0003497342,3.51025847e-05,0.000126478961,aluno3
9:12:32-aluno3-2017-06-19-09:12:35.png,0.0389761776,0.959918261,0.000528387143,8.23745359e-05,6.331519e-05,0.000342473271,2.6086549e-05,6.294948e-05,aluno3
9:12:34-aluno3-2017-06-19-09:12:37.png,0.08760358,0.907402039,0.00212374516,0.000357283163,0.000329270872,0.00147160853,0.0003815444,0.000330916664,aluno3
9:12:36-aluno3-2017-06-19-09:12:38.png,0.05029067,0.9471406,0.00145343749,0.0005936883,0.000120814715,0.000233046187,1.625066e-05,0.000151548025,aluno3
9:12:38-aluno3-2017-06-19-09:12:40.png,0.0356636755,0.9635224,0.0004327805,5.618032e-05,2.914958e-05,0.00015013371,1.30525959e-05,0.000132638175,aluno3
9:12:42-aluno3-2017-06-19-09:12:45.png,0.03535379,0.9568634,0.00178802514,0.000485515571,0.0001481674,0.00160965009,0.00011987707,0.00363159762,aluno3
9:12:44-aluno3-2017-06-19-09:12:46.png,0.23915264,0.7533483,0.00321654254,0.0007768986,0.0004682794,0.0009697378,0.000162680386,0.00190490438,aluno3
9:12:46-aluno3-2017-06-19-09:12:48.png,0.0165531542,0.959207,0.00179992255,0.0008099327,0.0002831696,0.0161433071,0.0002017917,0.005001736,aluno3
9:12:48-aluno3-2017-06-19-09:12:50.png,0.0207123756,0.975918531,0.0009838378,0.000108029679,5.5303015e-05,0.0015171651,4.869502e-05,0.000656045042,aluno3
9:12:50-aluno3-2017-06-19-09:12:52.png,0.0155267,0.9818049,0.00127653568,5.35593972e-05,6.13523e-05,0.000148002437,5.21879065e-06,0.00112371473,aluno3
9:12:52-aluno3-2017-06-19-09:12:55.png,0.00723188138,0.981419265,0.007829154,3.8819453e-05,1.62483248e-05,5.86055066e-05,8.88229351e-07,0.00340513117,aluno3
9:12:54-aluno3-2017-06-19-09:12:57.png,0.7419199,0.255730569,0.0011906306,0.000320465479,7.468087e-05,2.30734913e-05,2.28555382e-05,0.0007178624,aluno3
9:12:56-aluno3-2017-06-19-09:12:59.png,0.1783731,0.812678754,0.00445725443,0.0009296518,0.00031054084,0.00074931077,0.000109736262,0.002391651,aluno3
9:12:58-aluno3-2017-06-19-09:13:01.png,0.01384996,0.9799116,0.002526531,0.0002271039,0.0002974386,0.0008070259,1.500406e-05,0.00236528553,aluno3
9:13:00-aluno3-2017-06-19-09:13:02.png,0.06029258,0.930975854,0.00193822745,0.0002573764,0.000149406478,0.000292135053,1.841618e-05,0.0060759983,aluno3
9:13:02-aluno3-2017-06-19-09:13:05.png,0.02559636,0.9706281,0.00207144045,0.0002459163,0.000277569081,0.000392736372,2.4858633e-05,0.0007630133,aluno3
9:13:04-aluno3-2017-06-19-09:13:07.png,0.0119935181,0.986591,0.0006061831,4.08928754e-05,1.11934442e-05,7.893773e-05,1.07872336e-06,0.0006772322,aluno3
9:13:06-aluno3-2017-06-19-09:13:09.png,0.0351348631,0.9589933,0.004678786,0.000124863189,0.0001709789,4.5960016e-05,2.60314914e-06,0.0008486463,aluno3
9:13:08-aluno3-2017-06-19-09:13:10.png,0.0520740636,0.938860834,0.003237093,0.000606718531,0.0005791315,0.00246359967,0.000282822759,0.00189576147,aluno3
9:13:10-aluno3-2017-06-19-09:13:13.png,0.03092318,0.9662619,0.00143949315,0.0001198884,0.000151707864,0.0002891881,1.90606024e-05,0.000795585569,aluno3
9:13:12-aluno3-2017-06-19-09:13:15.png,0.022828009,0.9748035,0.00145794638,5.924933e-05,8.04893e-05,0.000140217817,5.3371e-06,0.00062525156,aluno3
9:13:14-aluno3-2017-06-19-09:13:17.png,0.014030844,0.983980536,0.00107147719,6.49790454e-05,4.95703571e-05,7.36776856e-05,1.91793879e-06,0.000726975035,aluno3
9:13:16-aluno3-2017-06-19-09:13:19.png,0.043229755,0.9485818,0.00263174856,0.000198252339,0.000204820375,0.000388288056,3.74047231e-05,0.00472792657,aluno3
9:13:20-aluno3-2017-06-19-09:13:23.png,0.350607127,0.62985903,0.01074453,0.00050544,0.0003364812,4.11233232e-05,1.36383578e-05,0.007892649,aluno3
9:13:22-aluno3-2017-06-19-09:13:25.png,0.06482392,0.869943857,0.0387939773,0.00220384379,0.00117877568,0.0007711756,0.000163879726,0.0221205484,aluno3
9:13:24-aluno3-2017-06-19-09:13:27.png,0.0259639081,0.972277045,0.000956040458,3.228828e-05,1.9842706e-05,4.02501537e-05,1.59940362e-06,0.000709015061,aluno3
9:13:26-aluno3-2017-06-19-09:13:29.png,0.03663706,0.9610379,0.00161470787,6.487067e-05,3.278462e-05,0.000122332582,1.02097492e-05,0.000480185845,aluno3
9:13:28-aluno3-2017-06-19-09:13:30.png,0.0443240069,0.953034639,0.00145610969,0.000105470579,0.000234060091,0.000160460346,2.85958067e-05,0.000656683231,aluno3
9:13:30-aluno3-2017-06-19-09:13:33.png,0.0562265776,0.9424621,0.00091023877,4.320493e-05,0.000224618532,5.50903023e-05,6.12255144e-06,7.20747557e-05,aluno3
9:13:33-aluno3-2017-06-19-09:13:35.png,0.102486357,0.8956431,0.0008870029,0.00010457445,0.0003181899,0.000156925278,2.00527465e-05,0.000383807375,aluno3
9:13:34-aluno3-2017-06-19-09:13:37.png,0.109157994,0.8834545,0.000288632,0.000150412423,0.000251449383,0.00247604982,0.00228738738,0.00193358306,aluno3
9:13:36-aluno3-2017-06-19-09:13:39.png,0.139722288,0.858344436,0.0011973771,8.66089249e-05,4.139846e-05,0.000234668463,2.44870153e-05,0.000348762464,aluno3
9:13:38-aluno3-2017-06-19-09:13:41.png,0.0370582,0.962734461,0.000162223077,8.335343e-06,1.39238664e-05,1.63426739e-05,4.71237342e-07,6.05093737e-06,aluno3
9:13:40-aluno3-2017-06-19-09:13:42.png,0.0163221341,0.9821316,0.00052569987,2.00672712e-05,6.448025e-05,0.0008088642,5.34865e-05,7.363805e-05,aluno3
9:13:42-aluno3-2017-06-19-09:13:44.png,0.0431460068,0.9503417,0.004513311,0.000219386246,0.000140955381,0.0015375315,6.0140097e-05,4.09671848e-05,aluno3
9:13:44-aluno3-2017-06-19-09:13:47.png,0.249714285,0.7495227,7.301037e-05,6.40307826e-06,2.59112821e-05,0.000594712736,2.63381571e-05,3.662666e-05,aluno3
9:13:46-aluno3-2017-06-19-09:13:48.png,0.143188283,0.855698645,0.0009741794,1.71076063e-05,9.58283454e-06,2.469828e-05,2.03203081e-06,8.546432e-05,aluno3
9:13:48-aluno3-2017-06-19-09:13:51.png,0.123172455,0.8750005,0.00130534987,3.64273328e-05,1.71159572e-05,7.211037e-05,4.144962e-06,0.000391900481,aluno3
9:13:50-aluno3-2017-06-19-09:13:53.png,0.0571383946,0.9406116,0.00207934948,2.04179887e-05,6.51055234e-06,4.7919104e-05,8.59248246e-07,9.494092e-05,aluno3
9:13:52-aluno3-2017-06-19-09:13:55.png,0.06264247,0.932689846,0.00439085765,3.45008339e-05,1.22598867e-05,7.220731e-05,1.57347336e-06,0.000156315189,aluno3
9:13:54-aluno3-2017-06-19-09:13:57.png,0.08177614,0.9144595,0.0033473454,6.931179e-05,2.54062415e-05,9.13802942e-05,3.74469846e-06,0.000227141092,aluno3
9:13:56-aluno3-2017-06-19-09:13:59.png,0.08282749,0.912154,0.004717143,6.351382e-05,2.54404513e-05,8.03383155e-05,2.9091932e-06,0.000129162043,aluno3
9:13:58-aluno3-2017-06-19-09:14:01.png,0.0640739,0.933233559,0.00232736138,2.60914476e-05,1.77754882e-05,6.87864e-05,2.768132e-06,0.000249735021,aluno3
9:14:00-aluno3-2017-06-19-09:14:03.png,0.025563255,0.9736078,0.0007254172,1.2179692e-05,7.776113e-06,5.17629742e-05,2.060579e-06,2.979877e-05,aluno3
9:14:02-aluno3-2017-06-19-09:14:05.png,0.05051839,0.9484008,0.0009679002,2.12207324e-05,8.506351e-06,6.80246958e-05,1.932235e-06,1.32301184e-05,aluno3
9:14:04-aluno3-2017-06-19-09:14:07.png,0.0166641027,0.9820745,0.00115394685,9.504853e-06,6.223966e-06,6.34883254e-05,7.790311e-07,2.74452468e-05,aluno3
9:14:06-aluno3-2017-06-19-09:14:09.png,0.04915571,0.9487123,0.00169215852,5.2029427e-05,1.930286e-05,0.000254887331,7.836802e-06,0.00010580894,aluno3
9:14:08-aluno3-2017-06-19-09:14:11.png,0.03108163,0.966675937,0.00177685067,4.43996869e-05,3.3188564e-05,0.0002817667,9.773298e-06,9.64659e-05,aluno3
9:14:10-aluno3-2017-06-19-09:14:13.png,0.03946628,0.95852226,0.00153908157,5.13397172e-05,1.79080726e-05,0.000259609573,6.283723e-06,0.000137211246,aluno3
9:14:12-aluno3-2017-06-19-09:14:14.png,0.06255533,0.9341643,0.00249324,9.411587e-05,3.94586968e-05,0.00045192035,2.1988646e-05,0.000179686773,aluno3
9:14:14-aluno3-2017-06-19-09:14:16.png,0.0405011922,0.9575732,0.0015018183,5.428713e-05,1.55903235e-05,0.0002814104,4.38335928e-06,6.81597958e-05,aluno3
9:14:16-aluno3-2017-06-19-09:14:19.png,0.03484145,0.962896943,0.00171198393,7.52122942e-05,1.7622915e-05,0.000341565785,5.082161e-06,0.000110127577,aluno3
9:14:18-aluno3-2017-06-19-09:14:21.png,0.0331992172,0.9611704,0.00499148667,5.034412e-05,1.9461062e-05,0.000164056924,2.75753973e-06,0.000402297475,aluno3
9:14:20-aluno3-2017-06-19-09:14:23.png,0.008085825,0.9903587,0.0004550786,0.000181897558,0.000158517752,0.0004250157,9.158058e-06,0.000325778237,aluno3
9:14:22-aluno3-2017-06-19-09:14:25.png,0.06510035,0.9317163,0.00256273057,7.065076e-05,4.0539293e-05,0.000153073677,3.58806119e-06,0.000352746138,aluno3
9:14:24-aluno3-2017-06-19-09:14:27.png,0.004943053,0.9867753,0.000775055145,3.34191063e-05,8.8311e-05,0.00187249971,2.38366829e-05,0.00548857125,aluno3
9:14:28-aluno3-2017-06-19-09:14:31.png,0.327289134,0.382009,0.000112839007,0.000389253924,0.00319794379,0.22048533,0.0127636017,0.0537529141,aluno3
9:14:32-aluno3-2017-06-19-09:14:35.png,0.114273764,0.8174387,0.0163138937,0.000837029133,0.000470995059,0.000206790966,7.60135154e-05,0.0503828153,aluno3
9:14:34-aluno3-2017-06-19-09:14:37.png,0.03597315,0.957404435,0.000781615265,0.0009835698,0.000369458285,0.00370743219,0.0002794552,0.0005008753,aluno3
9:14:36-aluno3-2017-06-19-09:14:38.png,0.0684112757,0.9287014,0.00154383446,0.000278309919,0.000128877786,0.0002418538,1.96562651e-05,0.0006747872,aluno3
9:14:38-aluno3-2017-06-19-09:14:40.png,0.0622909851,0.9359045,0.00102269731,0.000225687123,7.868046e-05,0.00018293022,7.123955e-06,0.0002873662,aluno3
9:14:40-aluno3-2017-06-19-09:14:42.png,0.0362522751,0.9058014,0.0386134647,0.00173297955,0.00340260076,0.00612561638,0.00178317621,0.006288452,aluno3
9:14:42-aluno3-2017-06-19-09:14:45.png,0.0211280324,0.977799952,0.000527908967,9.259945e-05,0.000110673252,0.000318887469,2.56558724e-06,1.93715823e-05,aluno3
9:14:44-aluno3-2017-06-19-09:14:47.png,0.0211159531,0.5316025,0.00460118474,0.00023129645,0.000112658687,0.0005236321,3.583864e-05,0.441776931,aluno3
9:14:46-aluno3-2017-06-19-09:14:49.png,0.02676079,0.9727425,0.0003052214,2.50265384e-05,9.46437e-06,9.296306e-05,5.11117923e-06,5.894559e-05,aluno3
9:14:48-aluno3-2017-06-19-09:14:51.png,0.03273625,0.96509105,0.00121273054,0.000250713056,9.42337356e-05,0.000238259861,9.370298e-06,0.000367381435,aluno3
9:14:50-aluno3-2017-06-19-09:14:53.png,0.0158378687,0.9773932,0.00354212569,0.0007165434,0.00108012243,0.000672355236,4.024252e-05,0.000717540446,aluno3
9:14:52-aluno3-2017-06-19-09:14:54.png,0.0125215612,0.9749636,0.011381587,0.0003151756,0.000585713831,6.148513e-05,2.43195336e-06,0.000168466926,aluno3
9:14:54-aluno3-2017-06-19-09:14:57.png,0.0191564,0.9711603,0.005505086,0.0008534754,0.00248161587,0.0003644041,3.98352058e-05,0.0004389035,aluno3
9:14:56-aluno3-2017-06-19-09:14:59.png,0.5456981,0.2868039,0.127307668,0.0133968657,0.005682531,0.0087209,0.0106487423,0.00174130127,aluno3
9:15:02-aluno3-2017-06-19-09:15:04.png,0.0485378541,0.9466738,0.0007269299,0.0009961458,0.000343440915,0.00192843063,0.0003410576,0.000452320266,aluno3
9:15:04-aluno3-2017-06-19-09:15:07.png,0.0009402728,0.9962123,0.000898253929,6.759184e-05,0.000175266061,0.00119464146,1.54902846e-05,0.0004961509,aluno3
9:15:10-aluno3-2017-06-19-09:15:13.png,0.0188592952,0.9784513,0.0008269934,1.06910811e-05,6.6310844e-05,0.000192898,3.14400422e-05,0.00156106416,aluno3
9:15:14-aluno3-2017-06-19-09:15:17.png,0.00328001985,0.9898353,0.000313674769,0.000193384,0.00607362436,0.000233981264,3.8999533e-06,6.60677251e-05,aluno3
9:15:16-aluno3-2017-06-19-09:15:19.png,0.0150385574,0.979560852,0.0002889911,0.000184473742,0.00278466172,0.002054115,4.4143e-05,4.419068e-05,aluno3
9:15:18-aluno3-2017-06-19-09:15:21.png,0.00600825436,0.9827293,0.000356986828,0.0002662908,0.00771735655,0.00273513119,9.21599058e-05,9.452031e-05,aluno3
9:15:20-aluno3-2017-06-19-09:15:23.png,0.008087757,0.9479771,0.000764109951,0.00147546967,0.0370526649,0.00429987954,0.00016156958,0.000181432479,aluno3
9:15:22-aluno3-2017-06-19-09:15:25.png,0.008387558,0.1777943,0.00102261011,0.0005126876,0.000354480027,0.0007736474,8.102386e-05,0.8110737,aluno3
9:15:30-aluno3-2017-06-19-09:15:32.png,0.0261310562,0.953108549,0.0027671014,0.00255131838,0.00638097,0.00455834763,0.0005033387,0.00399929052,aluno3
9:15:32-aluno3-2017-06-19-09:15:35.png,0.144029111,0.839490831,0.00558055751,0.000274612627,0.000213791849,0.000243716873,6.556899e-05,0.0101017887,aluno3
9:15:34-aluno3-2017-06-19-09:15:37.png,0.0686194152,0.7855368,0.00047724272,6.05076057e-05,3.794024e-05,0.132752776,0.0103734676,0.00214181724,aluno3
9:15:36-aluno3-2017-06-19-09:15:39.png,0.0650931746,0.914114,0.000104236009,1.27595695e-05,2.49466921e-05,0.0175853241,0.0022496467,0.0008159173,aluno3
9:15:38-aluno3-2017-06-19-09:15:41.png,0.125994056,0.84185183,0.0003549517,0.000107552754,8.421456e-05,0.0256678928,0.003106172,0.002833342,aluno3
9:15:40-aluno3-2017-06-19-09:15:43.png,0.108569272,0.876004755,0.000148675579,3.522824e-05,0.000139056152,0.0118106063,0.00292321853,0.000369158,aluno3
9:15:42-aluno3-2017-06-19-09:15:45.png,0.08347249,0.9091013,0.000220609174,2.93966914e-05,7.139708e-05,0.005619547,0.0003894067,0.00109584257,aluno3
9:15:44-aluno3-2017-06-19-09:15:47.png,0.16313912,0.828303158,0.000204645214,4.60633346e-05,0.000226584263,0.0059377593,0.00116602948,0.000976615,aluno3
9:15:46-aluno3-2017-06-19-09:15:49.png,0.488485038,0.5062751,0.0001499071,8.930795e-05,0.000471933337,0.00107533857,0.00308717461,0.000366165,aluno3
9:15:48-aluno3-2017-06-19-09:15:50.png,0.0580015,0.9272641,0.006993004,0.00242924877,0.00264474447,0.0007387863,0.0001293596,0.00179928809,aluno3
9:15:50-aluno3-2017-06-19-09:15:53.png,0.189967275,0.7803334,0.0271664765,0.0008597549,0.000417563831,0.00036123977,4.21991244e-05,0.0008520918,aluno3
9:15:52-aluno3-2017-06-19-09:15:55.png,0.0190929025,0.9661926,0.0061967615,0.00131496764,0.00181449775,0.000973523,0.000119669741,0.004295057,aluno3
9:15:54-aluno3-2017-06-19-09:15:56.png,0.0166687351,0.9813905,0.00150154007,6.4877946e-05,3.04322239e-05,6.920581e-05,1.43700584e-06,0.0002733006,aluno3
9:15:56-aluno3-2017-06-19-09:15:59.png,0.0164341982,0.972553551,0.00720644649,0.000798504043,0.00046812254,0.000390843168,1.41823921e-05,0.002134146,aluno3
9:15:58-aluno3-2017-06-19-09:16:00.png,0.0069835945,0.991436541,0.00107468688,3.612087e-05,0.000159722113,0.0001383179,8.59097054e-06,0.000162435215,aluno3
9:16:00-aluno3-2017-06-19-09:16:02.png,0.00694577675,0.991803765,0.0008169617,6.302424e-05,0.000134444912,0.0001315471,8.614043e-06,9.58433e-05,aluno3
9:16:02-aluno3-2017-06-19-09:16:04.png,0.007869267,0.9911824,0.0004044866,6.95816e-05,0.000224231189,0.000126090235,2.35960351e-06,0.000121617661,aluno3
9:16:04-aluno3-2017-06-19-09:16:07.png,0.0118077677,0.940726042,0.0237963852,0.000635642267,0.0007699242,0.00135132729,2.92366149e-05,0.0208836813,aluno3
9:16:06-aluno3-2017-06-19-09:16:09.png,0.0158691891,0.823812068,0.14607738,0.00147131982,0.000117109514,0.00657145446,1.41763276e-05,0.006067282,aluno3
9:16:08-aluno3-2017-06-19-09:16:11.png,0.0488130152,0.9373341,0.009262999,0.00058321713,9.95149749e-05,0.00175896939,1.26571231e-05,0.00213549356,aluno3
9:16:10-aluno3-2017-06-19-09:16:13.png,0.045898743,0.945198,0.000416470517,0.000153146379,4.85007622e-05,0.007577862,1.20594232e-05,0.0006952282,aluno3
9:16:12-aluno3-2017-06-19-09:16:15.png,0.0963379,0.8996811,4.59489956e-06,3.64819334e-06,3.88147464e-06,0.00216425443,4.21527e-06,0.00180040055,aluno3
9:16:14-aluno3-2017-06-19-09:16:17.png,0.104848437,0.8818946,2.999954e-05,7.61645833e-06,8.41983547e-06,0.000925826142,8.13135648e-06,0.0122769829,aluno3
9:16:16-aluno3-2017-06-19-09:16:19.png,0.05748887,0.9201773,0.00018466069,0.000136531366,0.000116807525,0.00410117069,2.09215141e-05,0.01777376,aluno3
9:16:18-aluno3-2017-06-19-09:16:21.png,0.172006145,0.8206635,0.00310244737,0.000207067933,0.000109414119,0.0002478118,5.48928729e-05,0.00360870385,aluno3
9:16:20-aluno3-2017-06-19-09:16:23.png,0.0280128457,0.9667815,0.00455794157,1.90423925e-05,4.78201873e-05,7.755101e-05,3.175373e-06,0.000500134542,aluno3
9:16:22-aluno3-2017-06-19-09:16:25.png,0.0207017828,0.9784259,0.000191179744,3.56868077e-06,1.94379281e-05,0.000105101288,7.183979e-06,0.0005458163,aluno3
9:16:24-aluno3-2017-06-19-09:16:26.png,0.2001212,0.7990958,0.000305214839,1.37792158e-05,3.85253225e-05,0.0002804075,0.000120080716,2.498184e-05,aluno3
9:16:26-aluno3-2017-06-19-09:16:29.png,0.180347785,0.8190594,0.0002697734,1.00353573e-05,4.13126581e-05,0.000169326158,8.008079e-05,2.22949675e-05,aluno3
9:16:28-aluno3-2017-06-19-09:16:31.png,0.346742064,0.6519059,0.000673324452,7.395202e-05,0.000118042532,0.000277840125,0.000142233926,6.663446e-05,aluno3
9:16:30-aluno3-2017-06-19-09:16:33.png,0.0153554836,0.9755915,0.00122383912,0.000248496217,6.604947e-05,0.005811589,2.32837065e-05,0.00167975971,aluno3
9:16:32-aluno3-2017-06-19-09:16:35.png,0.033501938,0.964200854,0.00186519616,4.027917e-05,2.92189688e-05,0.000155615373,5.56005443e-06,0.0002013275,aluno3
9:16:34-aluno3-2017-06-19-09:16:37.png,0.0522475243,0.9462957,0.00120664306,2.2326687e-05,2.30626683e-05,7.474771e-05,3.44376645e-06,0.000126599116,aluno3
9:16:36-aluno3-2017-06-19-09:16:39.png,0.0475370437,0.9499859,0.00202558818,3.655389e-05,3.39802718e-05,0.000119982309,5.71961027e-06,0.0002551845,aluno3
9:16:38-aluno3-2017-06-19-09:16:41.png,0.0287328754,0.9703614,0.0008349404,8.436013e-06,1.80188945e-05,1.22596794e-05,2.3936056e-07,3.184793e-05,aluno3
9:16:40-aluno3-2017-06-19-09:16:43.png,0.01215389,0.984101951,0.001577721,3.85521344e-05,2.95162972e-05,3.547574e-05,1.28888564e-06,0.00206162524,aluno3
9:16:42-aluno3-2017-06-19-09:16:45.png,0.0427665077,0.95546186,0.00121526059,5.50121622e-05,4.303311e-05,6.971999e-05,2.41390512e-06,0.0003861764,aluno3
9:16:44-aluno3-2017-06-19-09:16:47.png,0.00207974017,0.9780338,7.84932854e-05,8.292457e-05,8.86772e-06,0.0193889812,0.0002072279,0.000119989912,aluno3
9:16:46-aluno3-2017-06-19-09:16:49.png,0.0130338548,0.98655206,7.643094e-05,1.25717488e-05,1.97902386e-06,0.000299629581,9.96767e-06,1.351105e-05,aluno3
9:16:48-aluno3-2017-06-19-09:16:51.png,0.03958819,0.959069133,0.0002943182,7.184852e-06,3.32878153e-05,0.00019561332,0.000107748689,0.000704508566,aluno3
9:16:50-aluno3-2017-06-19-09:16:52.png,0.0147181312,0.984943,5.56470441e-05,5.357741e-06,7.370826e-05,0.000107574728,3.6305104e-05,6.03167937e-05,aluno3
9:16:52-aluno3-2017-06-19-09:16:55.png,0.0249525812,0.9731861,0.00021071556,2.85953556e-05,0.000150364023,0.000879308849,0.00049751834,9.4846604e-05,aluno3
9:16:54-aluno3-2017-06-19-09:16:56.png,0.0627084747,0.9242508,0.000829749857,0.00029655415,0.00130476733,0.003955643,0.00176377676,0.004890226,aluno3
9:16:56-aluno3-2017-06-19-09:16:59.png,0.166129261,0.770865738,0.000878009,0.0005224563,0.00136843813,0.0121258358,0.00362879015,0.04448146,aluno3
9:16:58-aluno3-2017-06-19-09:17:00.png,0.03895883,0.926587939,0.0002301655,7.568123e-05,0.000411412271,0.0165334865,0.0144026345,0.00279986952,aluno3
9:17:00-aluno3-2017-06-19-09:17:03.png,0.08358541,0.8798654,0.000395122566,0.000253299833,0.000824301271,0.0258898735,0.00273203524,0.006454543,aluno3
9:17:04-aluno3-2017-06-19-09:17:07.png,0.0206368528,0.973669469,0.00473608961,0.000169267689,0.000127441381,0.000100459707,4.72935744e-06,0.000555693754,aluno3
9:17:06-aluno3-2017-06-19-09:17:09.png,0.035804417,0.9405742,0.01814476,0.0009250541,0.0008961298,0.0005518453,5.050125e-05,0.00305308751,aluno3
9:17:08-aluno3-2017-06-19-09:17:11.png,0.596213639,0.389141619,0.000295309175,0.000907559239,0.000361851417,0.00431628665,0.00161672547,0.00714699365,aluno3
9:17:10-aluno3-2017-06-19-09:17:13.png,0.8086926,0.188190877,0.000183453754,3.861496e-05,5.56763225e-05,0.0008402975,0.00177722424,0.000221286624,aluno3
9:17:12-aluno3-2017-06-19-09:17:15.png,0.07584501,0.921341658,0.000839253946,0.000156003283,0.000123868376,0.000828336459,0.000114430019,0.000751420448,aluno3
9:17:14-aluno3-2017-06-19-09:17:17.png,0.04580177,0.953366756,0.000304119283,1.99286478e-05,8.434495e-05,0.000216562577,5.97389553e-05,0.000146792881,aluno3
9:17:16-aluno3-2017-06-19-09:17:18.png,0.027358219,0.9704313,0.0007199995,3.93738374e-05,2.042419e-05,0.000167004575,7.957023e-06,0.00125568581,aluno3
9:17:18-aluno3-2017-06-19-09:17:20.png,0.045553185,0.9533054,0.000362853782,4.012618e-05,2.36423384e-05,0.00015054243,1.24601347e-05,0.0005517905,aluno3
9:17:20-aluno3-2017-06-19-09:17:22.png,0.0228493568,0.975990534,0.00045448952,7.333459e-05,4.46439735e-05,0.0002593226,1.23353157e-05,0.000315989979,aluno3
9:17:22-aluno3-2017-06-19-09:17:25.png,0.0427490063,0.9562803,0.000262731017,4.03534032e-05,4.022868e-05,0.000287615083,2.22833114e-05,0.00031748644,aluno3
9:17:24-aluno3-2017-06-19-09:17:27.png,0.0976109058,0.8988313,0.0008369136,0.000148703286,0.000132095316,0.000654878153,0.000160456024,0.00162473589,aluno3
9:17:26-aluno3-2017-06-19-09:17:29.png,0.5506877,0.445645422,0.001204305,0.0002500496,6.95679046e-05,8.727651e-05,6.05699752e-05,0.00199515652,aluno3
9:17:28-aluno3-2017-06-19-09:17:31.png,0.0689777,0.8437316,0.000799692934,0.0035707925,0.000594088633,0.0783873349,0.00283954386,0.00109927275,aluno3
9:17:30-aluno3-2017-06-19-09:17:33.png,0.195605889,0.7970235,0.00196399167,0.000134196671,6.393217e-05,5.97958278e-05,1.50996748e-05,0.005133613,aluno3
9:17:32-aluno3-2017-06-19-09:17:35.png,0.06000639,0.9355987,0.00177205319,0.000129322332,2.70797354e-05,0.000152821362,8.635762e-06,0.0023050122,aluno3
9:17:34-aluno3-2017-06-19-09:17:37.png,0.02432582,0.969507,0.004517208,0.0002057928,0.0001389646,0.000214685642,1.25657543e-05,0.00107800367,aluno3
9:17:36-aluno3-2017-06-19-09:17:39.png,0.0358288959,0.9388165,0.02193044,0.000162418481,9.856799e-05,0.00010688664,1.6741471e-05,0.003039586,aluno3
9:17:38-aluno3-2017-06-19-09:17:41.png,0.02583234,0.973624349,0.000241786911,2.16748267e-05,4.43495674e-06,5.39507746e-05,9.828441e-07,0.00022048525,aluno3
9:17:40-aluno3-2017-06-19-09:17:42.png,0.262636781,0.7308948,0.00195205212,0.000110454152,0.0001588357,0.00139032188,0.00195193675,0.0009048222,aluno3
9:17:42-aluno3-2017-06-19-09:17:45.png,0.175457716,0.8137437,0.00177600957,0.0004022505,0.000787769561,0.00236083427,0.003328586,0.00214314484,aluno3
9:17:44-aluno3-2017-06-19-09:17:47.png,0.07803534,0.918665469,0.00123245665,0.000262201531,0.000312220684,0.0006155068,0.000111317218,0.0007654702,aluno3
9:17:46-aluno3-2017-06-19-09:17:49.png,0.0228903834,0.972096562,0.0005754987,0.000181088,0.000400089659,0.00207122928,0.00125058857,0.0005345516,aluno3
9:17:48-aluno3-2017-06-19-09:17:51.png,0.0264376886,0.9721199,0.0003653024,2.36849974e-05,7.65013247e-05,0.000283367583,0.0004669153,0.000226591816,aluno3
9:17:50-aluno3-2017-06-19-09:17:53.png,0.04787326,0.9490054,0.00109489064,0.000183409953,0.0002843007,0.000656709832,0.0001417585,0.000760255149,aluno3
9:17:52-aluno3-2017-06-19-09:17:55.png,0.0202394687,0.9732689,0.0005718528,0.000100213649,0.0003172367,0.00217046379,0.00259924633,0.0007325752,aluno3
9:17:54-aluno3-2017-06-19-09:17:57.png,0.0215125326,0.97031194,0.000126196624,2.11431e-05,0.000102808495,0.00220937375,0.005568144,0.00014785488,aluno3
9:17:56-aluno3-2017-06-19-09:17:59.png,0.383806,0.378436238,0.000615634,0.000555903243,0.000397206575,0.07484314,0.1538835,0.007462373,aluno3
9:18:02-aluno3-2017-06-19-09:18:05.png,0.000177968483,0.997251868,4.30511282e-05,8.81296546e-06,0.0002704214,0.000458289345,3.162973e-06,0.00178641954,aluno3
9:18:04-aluno3-2017-06-19-09:18:07.png,0.00449614367,0.9952127,7.196646e-05,5.904697e-06,1.5390995e-05,0.00015432245,4.022547e-06,3.95742136e-05,aluno3
9:18:06-aluno3-2017-06-19-09:18:09.png,0.0161640737,0.9835388,0.000104084291,4.00771069e-06,3.62054038e-06,0.0001506216,8.197934e-06,2.65991275e-05,aluno3
9:18:08-aluno3-2017-06-19-09:18:11.png,0.0456657074,0.952843547,0.00100180926,0.000140296732,3.64574371e-05,0.000136156741,1.28922347e-05,0.00016312435,aluno3
9:18:10-aluno3-2017-06-19-09:18:13.png,0.134593964,0.862215459,0.00198927033,0.000297238148,0.000167105449,0.000306005066,4.93298976e-05,0.000381607475,aluno3
9:18:12-aluno3-2017-06-19-09:18:15.png,0.09942588,0.8980705,0.00203181314,0.000185994562,3.412848e-05,6.01959255e-05,2.935191e-06,0.00018852255,aluno3
9:18:18-aluno3-2017-06-19-09:18:21.png,0.0187294371,0.979053259,0.00144496455,3.87468863e-05,6.112075e-05,6.37319e-05,2.69948328e-06,0.000606047746,aluno3
9:18:20-aluno3-2017-06-19-09:18:23.png,0.0707834661,0.9280645,0.0007382875,7.03866e-05,3.16772966e-05,0.00018878479,3.26563418e-06,0.000119587858,aluno3
9:18:22-aluno3-2017-06-19-09:18:24.png,0.06086108,0.938416064,0.0005702269,3.2328142e-05,2.41388825e-05,4.81934221e-05,7.47275465e-07,4.723298e-05,aluno3
9:18:24-aluno3-2017-06-19-09:18:27.png,0.0364007279,0.961943865,0.00109210145,4.73905639e-05,0.000134076,7.728897e-05,6.27738837e-06,0.000298280473,aluno3
9:18:26-aluno3-2017-06-19-09:18:29.png,0.0494703278,0.9479706,0.00177472539,0.000126990708,0.000168954051,0.000145434577,8.318898e-06,0.00033461678,aluno3
9:18:30-aluno3-2017-06-19-09:18:32.png,0.3145439,0.672097147,0.006855498,0.001245184,0.000409886474,0.00249803555,0.001965617,0.000384745828,aluno3
9:18:31-aluno3-2017-06-19-09:18:33.png,0.4246931,0.5681369,0.00315160258,0.001514791,0.00100585446,0.000389983674,0.0003579258,0.0007498416,aluno3
9:18:32-aluno3-2017-06-19-09:18:35.png,0.0107612144,0.987959564,0.00106774038,3.605363e-05,1.33892072e-05,9.434352e-05,1.00410239e-06,6.666711e-05,aluno3
9:18:35-aluno3-2017-06-19-09:18:38.png,0.0384731665,0.9531836,0.00164172589,0.00108079344,0.00110080128,0.00236708135,0.000433357782,0.00171948061,aluno3
9:18:36-aluno3-2017-06-19-09:18:39.png,0.01494582,0.9821874,0.000878779858,0.00018709233,0.000238369539,0.0009119983,8.24448e-05,0.0005681323,aluno3
9:18:38-aluno3-2017-06-19-09:18:41.png,0.0860302448,0.9134823,0.000323649758,2.46489817e-05,4.63592478e-05,4.4809e-05,3.516406e-06,4.44830257e-05,aluno3
9:18:41-aluno3-2017-06-19-09:18:44.png,0.0282866415,0.9497084,0.01706779,0.0002271032,0.0006326334,0.003359479,0.000397743919,0.0003201905,aluno3
9:18:44-aluno3-2017-06-19-09:18:46.png,0.0351461023,0.9580558,0.00497498456,0.000320812222,0.000381440739,0.0002391411,8.949026e-06,0.000872755249,aluno3
9:18:46-aluno3-2017-06-19-09:18:48.png,0.0207388,0.973906457,0.00396496756,0.000242884867,0.000488268735,0.000157368078,6.09658764e-06,0.000495135551,aluno3
9:18:48-aluno3-2017-06-19-09:18:51.png,0.394040823,0.589728,0.00142200489,9.090451e-05,0.0005625723,0.0004134349,0.000291750155,0.013450535,aluno3
9:18:51-aluno3-2017-06-19-09:18:54.png,0.06794892,0.9162264,0.00178099785,0.000347275258,0.0008070527,0.000746809,0.0001813068,0.0119612347,aluno3
9:18:53-aluno3-2017-06-19-09:18:56.png,0.0191681515,0.9739373,0.00252637547,0.000101296617,0.0001009868,9.110304e-05,3.509072e-06,0.004071323,aluno3
9:18:54-aluno3-2017-06-19-09:18:57.png,0.06655274,0.9202739,0.00161861035,0.00072502176,0.000346796,0.00751414429,0.0004060609,0.00256270776,aluno3
9:18:57-aluno3-2017-06-19-09:19:00.png,0.324923217,0.6684085,0.00197716313,0.00291365967,0.000317699654,0.000737264869,9.234361e-05,0.0006301075,aluno3
9:19:00-aluno3-2017-06-19-09:19:02.png,0.0188560914,0.9747686,0.00149715575,0.000331503281,0.0002578394,0.00268089725,0.000147061044,0.001460899,aluno3
9:19:00-aluno3-2017-06-19-09:19:03.png,0.0279816967,0.945331633,0.00140912773,0.0006226403,0.000219094451,0.02137974,0.0006914621,0.00236458471,aluno3
9:19:02-aluno3-2017-06-19-09:19:05.png,0.229577646,0.7469694,0.00573683344,0.0004179293,0.0002723525,0.000115256,4.4409644e-05,0.0168661885,aluno3
9:19:04-aluno3-2017-06-19-09:19:07.png,0.0296086576,0.962409139,0.004630182,0.000160131967,0.000224639167,0.000143442012,1.498921e-05,0.00280884,aluno3
9:19:06-aluno3-2017-06-19-09:19:09.png,0.0144130476,0.8417454,0.00113598129,0.00372377317,0.000661677448,0.134244427,0.000285148446,0.00379055,aluno3
9:19:08-aluno3-2017-06-19-09:19:11.png,0.0156208621,0.9820492,0.0006334309,0.000116357369,4.737114e-05,0.0003332965,8.778723e-06,0.00119067472,aluno3
9:19:10-aluno3-2017-06-19-09:19:12.png,0.06401727,0.928212345,0.00388621329,0.00047485705,0.000325933681,0.000473161868,4.058816e-05,0.002569625,aluno3
9:19:12-aluno3-2017-06-19-09:19:15.png,0.00379236718,0.99460566,0.00107831031,2.28547742e-05,2.61396817e-05,6.01928368e-05,1.62643607e-06,0.000412833644,aluno3
9:19:14-aluno3-2017-06-19-09:19:17.png,0.0315242819,0.9663515,0.00100771256,0.000147430837,5.94732155e-05,0.0006948858,1.44145515e-05,0.000200263792,aluno3
9:19:16-aluno3-2017-06-19-09:19:19.png,0.00381155219,0.995386839,0.0003931432,3.69121553e-05,1.97101526e-05,0.000278174761,8.650845e-06,6.49886642e-05,aluno3
9:19:18-aluno3-2017-06-19-09:19:21.png,0.159412131,0.833599031,0.00226855045,0.000254263257,6.48001951e-05,0.000117060357,1.70556123e-05,0.00426708627,aluno3
9:19:20-aluno3-2017-06-19-09:19:23.png,0.04503357,0.930461645,0.0010611394,0.00223421119,0.000138637173,0.0205700472,0.000299391482,0.000201345349,aluno3
9:19:22-aluno3-2017-06-19-09:19:25.png,0.0172387585,0.952850342,0.00113922928,0.00049804186,0.0006364211,0.02570464,0.00144372077,0.0004888329,aluno3
9:19:24-aluno3-2017-06-19-09:19:27.png,0.06117764,0.929075658,0.00138808554,4.921289e-05,2.33232677e-05,2.66557272e-05,2.50186213e-06,0.008256895,aluno3
9:19:26-aluno3-2017-06-19-09:19:28.png,0.0250916127,0.947631061,0.00260154554,0.00169370091,0.00212161732,0.01812449,0.00100061856,0.00173535966,aluno3
9:19:28-aluno3-2017-06-19-09:19:31.png,0.0363209024,0.942675352,0.000770348357,0.00140951,0.0005074986,0.0160334427,0.00142437418,0.0008585813,aluno3
9:19:30-aluno3-2017-06-19-09:19:33.png,0.04904777,0.942902565,0.00293764239,7.4898584e-05,4.16660369e-05,4.3280892e-05,3.46671527e-06,0.004948696,aluno3
9:19:32-aluno3-2017-06-19-09:19:35.png,0.03256361,0.966608644,0.0005808286,3.23788736e-05,2.577641e-05,9.507445e-05,5.50922641e-06,8.819656e-05,aluno3
9:19:34-aluno3-2017-06-19-09:19:37.png,0.0521433838,0.9461277,0.00115925353,5.5509754e-05,3.34180841e-05,0.000149380037,1.490231e-05,0.0003164125,aluno3
9:19:36-aluno3-2017-06-19-09:19:38.png,0.134764969,0.7755211,0.009919604,0.000352677,0.000420338823,0.000118513177,2.7079328e-05,0.07887572,aluno3
9:19:38-aluno3-2017-06-19-09:19:41.png,0.000422203942,0.9963069,7.124855e-05,4.74747776e-06,0.00021800703,0.00277080014,1.8224926e-05,0.00018788327,aluno3
9:19:40-aluno3-2017-06-19-09:19:43.png,0.0932227746,0.615315557,0.2713684,0.00167493057,0.000768317,0.000355458527,9.227734e-05,0.0172022823,aluno3
9:19:42-aluno3-2017-06-19-09:19:45.png,0.0326126032,0.9668395,0.000379604782,1.0753658e-05,5.00646956e-06,2.29409379e-05,4.991307e-07,0.000129108215,aluno3
9:19:44-aluno3-2017-06-19-09:19:47.png,0.00417067762,0.995803535,1.30687768e-05,3.57010549e-07,2.448954e-07,8.737122e-06,2.65319841e-07,3.1204786e-06,aluno3
9:19:46-aluno3-2017-06-19-09:19:49.png,0.00506856944,0.994584441,0.00014591543,3.989408e-06,4.22237e-05,0.000112566893,8.006592e-07,4.15135364e-05,aluno3
9:19:48-aluno3-2017-06-19-09:19:51.png,0.000775216264,0.998826,0.000270075747,1.10664052e-06,4.86740573e-05,6.41091e-05,2.88279057e-06,1.19341667e-05,aluno3
9:19:50-aluno3-2017-06-19-09:19:53.png,0.00220162887,0.99743706,5.92826873e-05,1.78873142e-06,0.000104604886,0.000182610835,1.09380981e-05,2.06948653e-06,aluno3
9:19:52-aluno3-2017-06-19-09:19:55.png,0.03132897,0.96796304,0.000234943844,0.000115037932,7.983292e-05,0.0001736625,2.20478214e-05,8.245008e-05,aluno3
9:19:54-aluno3-2017-06-19-09:19:56.png,0.0110683674,0.98871547,7.15304559e-05,3.48094e-05,7.441662e-06,9.031145e-05,2.271116e-06,9.804164e-06,aluno3
9:19:56-aluno3-2017-06-19-09:19:59.png,0.00212563341,0.9970224,0.0005677387,1.06670013e-05,7.40151445e-05,7.49932442e-05,9.686233e-07,0.000123572929,aluno3
9:19:58-aluno3-2017-06-19-09:20:01.png,0.006771445,0.990224361,0.00138570706,5.015375e-05,0.0001238229,0.0008659104,1.12681992e-05,0.0005673204,aluno3
9:20:00-aluno3-2017-06-19-09:20:03.png,0.0351861678,0.960157335,0.001709358,5.573624e-05,0.00037043757,0.00191575615,0.0003096415,0.000295552716,aluno3
9:20:02-aluno3-2017-06-19-09:20:05.png,0.00028202965,0.998993158,0.000392561429,7.66874734e-07,1.06535272e-05,2.69072843e-05,1.23655809e-07,0.000293774443,aluno3
9:20:04-aluno3-2017-06-19-09:20:07.png,0.0544980168,0.9443127,0.000960278441,4.95273234e-05,1.95995635e-05,0.00012291962,3.26640065e-06,3.37219826e-05,aluno3
9:20:06-aluno3-2017-06-19-09:20:09.png,0.00332930172,0.9963233,0.000314826029,3.08569247e-06,1.72654854e-05,7.03070646e-06,2.05089222e-07,5.004801e-06,aluno3
9:20:08-aluno3-2017-06-19-09:20:11.png,0.0006060223,0.987094343,0.00190017431,5.11283042e-06,3.48600884e-06,3.70917624e-05,3.34498736e-07,0.0103534432,aluno3
9:20:10-aluno3-2017-06-19-09:20:13.png,0.0231649764,0.9742868,0.00197566464,5.16547843e-05,8.355886e-05,8.615919e-05,1.15309949e-05,0.0003396611,aluno3
9:20:12-aluno3-2017-06-19-09:20:15.png,0.0770765543,0.9223101,0.000532161735,1.18178223e-05,3.56139935e-06,3.436142e-05,1.94342169e-06,2.94989331e-05,aluno3
9:20:14-aluno3-2017-06-19-09:20:17.png,0.0238851886,0.971519351,0.00370321353,0.000126197221,0.000252382044,0.000107063788,5.450755e-06,0.000401177123,aluno3
9:20:16-aluno3-2017-06-19-09:20:19.png,0.0003063732,0.998996556,4.16220537e-05,3.81397786e-06,0.000398576667,0.000233736209,1.99092756e-06,1.73321969e-05,aluno3
9:20:19-aluno3-2017-06-19-09:20:21.png,0.0154437134,0.983451962,0.000586149,9.222152e-05,0.0003233135,8.002478e-05,5.82603934e-06,1.67994e-05,aluno3
9:20:21-aluno3-2017-06-19-09:20:24.png,0.0210362356,0.9760747,0.00251233857,3.29229042e-05,0.000134457761,0.000114082577,3.756867e-05,5.77230021e-05,aluno3
9:20:22-aluno3-2017-06-19-09:20:25.png,0.08914016,0.899974763,0.0102107981,0.000104943814,0.00033362463,9.212264e-05,2.34798154e-05,0.000120128119,aluno3
9:20:24-aluno3-2017-06-19-09:20:27.png,0.00266957679,0.9965872,0.0006433618,3.81560039e-06,2.07797621e-05,1.68516362e-05,6.20856156e-07,5.77959763e-05,aluno3
9:20:26-aluno3-2017-06-19-09:20:29.png,0.0006037475,0.998885751,0.00036855627,3.12186148e-06,3.88388762e-05,6.24884e-05,6.326148e-07,3.684893e-05,aluno3
9:20:28-aluno3-2017-06-19-09:20:30.png,0.00762235,0.989672244,0.00131223409,1.35269747e-05,8.424588e-05,0.0008310545,2.169026e-05,0.00044264528,aluno3
9:20:30-aluno3-2017-06-19-09:20:33.png,0.0117790494,0.293725431,0.008193653,0.00125055166,0.000325545261,0.000786231,5.5254066e-05,0.683884263,aluno3
9:20:32-aluno3-2017-06-19-09:20:35.png,2.69573229e-05,0.335383445,0.000239120476,2.14386887e-06,2.51529173e-06,7.41157855e-05,2.24430423e-07,0.6642715,aluno3
9:20:34-aluno3-2017-06-19-09:20:36.png,0.00519356364,0.9927137,7.2638104e-05,1.34051027e-06,1.71603479e-05,0.000728873943,0.0001577973,0.00111494365,aluno3
9:20:36-aluno3-2017-06-19-09:20:39.png,0.000446376274,0.998422444,5.1463383e-05,1.308388e-05,0.000241049158,0.0003150693,4.66062966e-06,0.0005058646,aluno3
9:20:38-aluno3-2017-06-19-09:20:41.png,0.003365784,0.995920241,8.171974e-05,5.78610252e-06,1.16645751e-05,0.0005720913,2.33397968e-05,1.93552769e-05,aluno3
9:20:40-aluno3-2017-06-19-09:20:43.png,0.07536259,0.922862232,0.0006299344,3.94958333e-05,0.000142229139,0.00040086,0.000180116433,0.0003825624,aluno3
9:20:42-aluno3-2017-06-19-09:20:45.png,0.0765313953,0.921146333,0.000351481285,9.18823e-05,2.817322e-05,0.00112196326,6.404357e-05,0.000664707,aluno3
9:20:44-aluno3-2017-06-19-09:20:47.png,0.67200017,0.324087441,0.000880491862,0.0007932642,0.00012869951,0.0009869678,0.000594545738,0.000528433942,aluno3
9:20:46-aluno3-2017-06-19-09:20:49.png,0.06471457,0.9335074,0.00121361227,3.103714e-05,1.33288086e-05,7.310626e-05,1.28928032e-05,0.000434060144,aluno3
9:20:48-aluno3-2017-06-19-09:20:51.png,0.120671406,0.84325856,0.0264175925,0.0005138776,0.000106759617,6.461394e-05,6.872397e-06,0.008960309,aluno3
9:20:50-aluno3-2017-06-19-09:20:53.png,0.0038137387,0.9817071,0.009937547,0.000196547,0.000431736116,0.000119598953,4.6875457e-06,0.0037890505,aluno3
9:20:52-aluno3-2017-06-19-09:20:55.png,0.0102336379,0.9866441,0.00181398843,6.334528e-05,0.00012359707,0.000152333218,1.75257719e-06,0.0009672372,aluno3
9:20:54-aluno3-2017-06-19-09:20:57.png,0.0009939773,0.9984955,0.000277824962,3.11436861e-06,3.739205e-05,0.000135636292,2.17399725e-06,5.43477581e-05,aluno3
9:20:56-aluno3-2017-06-19-09:20:59.png,0.00322347344,0.9938434,0.00177061162,7.776053e-05,0.00030866015,0.00064900174,2.47642311e-05,0.000102360813,aluno3
9:20:58-aluno3-2017-06-19-09:21:01.png,0.157539457,0.8305464,0.0009810658,0.000103088889,8.26783e-05,0.008368401,0.00225796574,0.000120964607,aluno3
9:21:00-aluno3-2017-06-19-09:21:03.png,0.008376545,0.940425336,0.00511234,0.000142931865,5.78237632e-05,0.000223006282,1.01115938e-05,0.0456519164,aluno3
9:21:02-aluno3-2017-06-19-09:21:05.png,0.0165182985,0.400196582,0.1459754,0.00383042661,0.000473660126,0.007191872,0.000118221571,0.425695539,aluno3
9:21:04-aluno3-2017-06-19-09:21:07.png,0.000155737085,0.4179401,0.006038442,9.055516e-06,3.0169756e-06,1.40937591e-05,2.26929355e-08,0.5758395,aluno3
9:21:06-aluno3-2017-06-19-09:21:09.png,0.0005405086,0.8538333,0.00167007744,2.98451346e-06,1.01301011e-05,4.27237319e-05,2.00366074e-07,0.143900082,aluno3
9:21:08-aluno3-2017-06-19-09:21:11.png,0.0005477067,0.9367504,0.00116867828,1.23112659e-05,1.02446838e-05,0.000139158452,1.55960822e-06,0.06136991,aluno3
9:21:10-aluno3-2017-06-19-09:21:13.png,0.105011992,0.8906827,0.000343122432,0.0006949386,0.000105267216,0.00284717022,0.000205987264,0.00010882254,aluno3
9:21:12-aluno3-2017-06-19-09:21:15.png,0.00134149729,0.399176657,0.0115020173,0.000348559231,9.895548e-05,0.00377374585,6.31238026e-06,0.5837523,aluno3
9:21:14-aluno3-2017-06-19-09:21:17.png,5.453551e-07,2.05957781e-06,1.5440899e-05,2.07740377e-05,3.23282165e-08,7.49763842e-07,1.56871971e-09,0.9999604,aluno3
9:21:16-aluno3-2017-06-19-09:21:19.png,0.00771987,0.265191436,0.00109293975,0.00023772569,6.503448e-05,0.0005781907,1.97111876e-05,0.7250951,aluno3
9:21:22-aluno3-2017-06-19-09:21:24.png,0.00730804168,0.08797179,0.0102193933,0.0003099486,1.24865337e-05,1.9590756e-05,3.146046e-07,0.8941584,aluno3
9:21:26-aluno3-2017-06-19-09:21:28.png,0.0137064466,0.9790429,0.000710201042,0.00015205417,0.00132878276,0.00110382494,5.6941084e-05,0.00389887462,aluno3
9:21:34-aluno3-2017-06-19-09:21:36.png,0.00101202,0.475803316,0.00357736531,0.0006655485,0.000731341366,0.00146696926,8.129328e-06,0.5167353,aluno3
9:21:36-aluno3-2017-06-19-09:21:39.png,0.0220849551,0.914748,0.00611369265,8.766208e-05,6.07211732e-05,3.18992752e-05,2.82180872e-06,0.05687022,aluno3
9:21:38-aluno3-2017-06-19-09:21:41.png,0.4856926,0.514079869,9.81914054e-05,3.208689e-05,6.61039e-05,2.88759566e-05,1.70973385e-06,5.591966e-07,aluno3
9:21:42-aluno3-2017-06-19-09:21:45.png,0.0416614376,0.910773,0.00350615918,0.00417826138,0.013364763,0.0137897953,0.00149133313,0.0112352772,aluno3
9:21:46-aluno3-2017-06-19-09:21:49.png,0.00710906554,0.9486003,0.000936750963,0.001181315,0.002882676,0.0326248556,0.00032368864,0.0063413824,aluno3
9:21:48-aluno3-2017-06-19-09:21:51.png,0.000484851917,0.4267741,0.001751115,0.000243832808,0.000373080722,0.003210967,1.76790636e-05,0.567144334,aluno3
9:21:50-aluno3-2017-06-19-09:21:53.png,0.001749814,0.8143653,0.00217190059,0.000325063651,0.000508869067,0.00387469772,3.239729e-05,0.176971957,aluno3
9:21:52-aluno3-2017-06-19-09:21:55.png,0.00133517326,0.8109292,0.002320368,0.000467876671,0.0028565824,0.00292599527,4.3367425e-05,0.179121464,aluno3
9:21:56-aluno3-2017-06-19-09:21:59.png,0.000953723036,0.9872512,0.000397799973,3.82718681e-05,0.000563968264,0.0005348922,7.49074934e-06,0.0102526285,aluno3
9:21:58-aluno3-2017-06-19-09:22:01.png,0.00425018976,0.982521057,0.000306387141,0.000546216033,0.00497309025,0.006804024,0.000166998449,0.000432024855,aluno3
9:22:00-aluno3-2017-06-19-09:22:03.png,0.1606549,0.8384098,0.0006470766,0.000114094953,9.2727234e-05,3.72035647e-05,1.5370133e-06,4.267786e-05,aluno3
9:22:02-aluno3-2017-06-19-09:22:05.png,0.269566536,0.730074465,0.000187522834,7.811153e-05,1.5114736e-05,2.46885938e-05,7.470554e-07,5.283204e-05,aluno3
9:22:06-aluno3-2017-06-19-09:22:09.png,0.0618565567,0.936221838,0.0004934485,4.055466e-05,0.0009439341,0.000137644951,2.5172174e-05,0.000280858338,aluno3
9:22:08-aluno3-2017-06-19-09:22:11.png,0.00328019587,0.9959345,2.04815551e-05,6.245044e-06,4.00731042e-05,0.000686514133,9.935489e-06,2.20485654e-05,aluno3
9:22:10-aluno3-2017-06-19-09:22:13.png,0.00509286532,0.99295646,0.00072395493,7.00772653e-05,0.000127810985,0.000487453362,2.002886e-05,0.000521376554,aluno3
9:22:12-aluno3-2017-06-19-09:22:15.png,0.0959187448,0.9015955,0.00132465351,0.000218820293,8.15545645e-05,0.000361818384,2.49852837e-05,0.0004739631,aluno3
9:22:14-aluno3-2017-06-19-09:22:17.png,0.06793668,0.925228357,0.00492141955,0.000187441925,0.000116717012,0.000122658079,9.469314e-06,0.00147726107,aluno3
9:22:16-aluno3-2017-06-19-09:22:19.png,0.008079609,0.990997136,0.0006437471,1.15533294e-05,6.20996361e-05,7.179487e-05,4.11454266e-06,0.000129969761,aluno3
9:22:18-aluno3-2017-06-19-09:22:21.png,0.05175451,0.947008431,0.0002814222,1.48500822e-05,6.27135569e-06,0.000780873757,9.230256e-05,6.131928e-05,aluno3
9:22:20-aluno3-2017-06-19-09:22:23.png,0.0325153768,0.9606487,0.00285132462,3.46018242e-05,1.72226428e-05,0.0001186228,4.905074e-06,0.003809204,aluno3
9:22:22-aluno3-2017-06-19-09:22:25.png,0.008052533,0.96732837,0.00158111972,1.24885792e-05,4.30968566e-06,1.73401313e-05,5.02656064e-07,0.0230033249,aluno3
9:22:24-aluno3-2017-06-19-09:22:27.png,0.00642467337,0.9796196,0.000161183736,2.096661e-05,5.065481e-05,0.007915683,0.000223401046,0.005583844,aluno3
9:22:26-aluno3-2017-06-19-09:22:28.png,0.10305126,0.8934701,0.0025490718,5.30945472e-05,5.49490542e-05,0.000312018557,7.896366e-05,0.0004305392,aluno3
9:22:28-aluno3-2017-06-19-09:22:31.png,0.111938857,0.876893342,0.00105385517,0.000105377221,5.50697041e-05,0.007801073,0.00165760855,0.0004948004,aluno3
9:22:32-aluno3-2017-06-19-09:22:35.png,0.003536268,0.990170956,5.455148e-05,1.19392926e-05,7.601597e-05,0.005536496,0.000187732323,0.000426036364,aluno3
9:22:34-aluno3-2017-06-19-09:22:37.png,0.000111942973,0.423078626,0.000971522939,1.45352014e-05,2.06177483e-05,0.000844436057,2.03815762e-06,0.5749563,aluno3
9:22:36-aluno3-2017-06-19-09:22:39.png,8.240631e-05,0.723538458,0.000135237555,3.41386522e-06,1.25858678e-05,4.326741e-05,5.10704936e-08,0.2761846,aluno3
9:22:38-aluno3-2017-06-19-09:22:41.png,0.002507127,0.9792238,0.000417966861,3.4048895e-05,0.000143742727,0.00382905663,0.000124918966,0.013719351,aluno3
9:22:40-aluno3-2017-06-19-09:22:43.png,0.00552852545,0.9879801,0.002598339,0.000211215971,0.00131237879,0.0009570778,3.73322837e-05,0.00137499918,aluno3
9:22:42-aluno3-2017-06-19-09:22:45.png,0.002491698,0.9951947,0.000405779021,3.13632736e-05,0.0001535043,0.000451305037,1.88303075e-05,0.00125282793,aluno3
9:22:44-aluno3-2017-06-19-09:22:47.png,0.00345694227,0.939177454,0.002281074,0.000482356758,0.0009913056,0.00708727539,0.000388066837,0.04613553,aluno3
9:22:46-aluno3-2017-06-19-09:22:49.png,0.000277942367,0.9912705,4.33223322e-05,6.56704469e-06,1.78065638e-05,0.000118541357,2.82942068e-07,0.008265055,aluno3
9:22:48-aluno3-2017-06-19-09:22:51.png,0.00326262112,0.9891202,0.000200125825,5.753497e-05,0.0004305697,0.00510987826,0.000196817724,0.00162229291,aluno3
9:22:50-aluno3-2017-06-19-09:22:53.png,0.01330856,0.9831889,0.0002031778,2.17073375e-05,9.397135e-05,0.002423234,0.0004644439,0.000295993756,aluno3
9:22:52-aluno3-2017-06-19-09:22:55.png,0.00154900493,0.9933359,1.717818e-05,2.28086128e-06,2.835684e-05,0.00478783529,0.000214090833,6.532092e-05,aluno3
9:22:54-aluno3-2017-06-19-09:22:57.png,0.00681503769,0.991585,0.000187852027,1.90974e-05,8.407001e-05,0.0008604254,5.61296329e-05,0.0003923837,aluno3
9:22:56-aluno3-2017-06-19-09:22:59.png,0.00538308825,0.9920249,0.000319584564,6.98452059e-05,0.000231568221,0.00150482485,4.7849644e-05,0.000418341282,aluno3
9:22:58-aluno3-2017-06-19-09:23:01.png,0.000212329,0.06278251,0.008201525,3.60195045e-05,9.212611e-06,0.000113054804,4.999453e-07,0.928644836,aluno3
9:23:02-aluno3-2017-06-19-09:23:05.png,0.0030840293,0.9537296,0.002047625,0.00100281253,0.00243250327,0.01961427,0.0006515725,0.0174375586,aluno3
9:23:04-aluno3-2017-06-19-09:23:07.png,0.00405371329,0.973523736,0.00029309938,8.601416e-05,0.000414210052,0.0197933819,0.00102803856,0.0008077821,aluno3
9:23:06-aluno3-2017-06-19-09:23:09.png,2.00180832e-08,2.36748929e-06,2.7783452e-08,8.657557e-09,2.47291937e-10,7.086554e-09,1.73356832e-11,0.999997556,aluno3
9:23:08-aluno3-2017-06-19-09:23:11.png,0.0101958271,0.9255517,0.00112956529,1.32237883e-05,1.61215667e-06,1.00846028e-05,1.52335986e-07,0.06309785,aluno3
9:23:10-aluno3-2017-06-19-09:23:13.png,0.0119271548,0.8530858,0.00115045928,0.0006001117,0.0006039545,0.00427276734,0.0002700982,0.128089666,aluno3
9:23:12-aluno3-2017-06-19-09:23:15.png,0.127738968,0.869324446,0.00143181789,0.000236553518,0.000181582334,0.000173328226,1.35136979e-05,0.000899800449,aluno3
9:23:14-aluno3-2017-06-19-09:23:17.png,0.07998237,0.9185337,0.0008754112,0.000136472576,8.803906e-05,9.689452e-05,5.171501e-06,0.000281961,aluno3
9:23:16-aluno3-2017-06-19-09:23:19.png,0.0167367626,0.963924944,0.000205915756,0.000187258265,0.00105500629,0.01336684,0.00324008288,0.00128319766,aluno3
9:23:18-aluno3-2017-06-19-09:23:20.png,0.522964656,0.41107747,0.0493658371,0.01118785,0.00372235966,0.0004794558,0.000322990731,0.00087938254,aluno3
9:23:20-aluno3-2017-06-19-09:23:22.png,0.1005747,0.8950057,0.003390737,0.000123187623,6.625629e-05,3.76953576e-05,2.73455657e-06,0.0007989904,aluno3
9:23:22-aluno3-2017-06-19-09:23:25.png,0.104559094,0.89303863,0.0009305382,0.00013042512,0.0003725521,0.000250625861,0.000123974416,0.0005941772,aluno3
9:23:24-aluno3-2017-06-19-09:23:26.png,0.104317456,0.891936362,0.00152052788,0.00026156602,0.000914746954,0.00025722757,0.000120725585,0.0006714039,aluno3
9:23:26-aluno3-2017-06-19-09:23:29.png,0.222738266,0.7645366,0.003905355,0.000435757975,0.000381673774,0.00284330151,0.00211797352,0.00304102362,aluno3
9:23:28-aluno3-2017-06-19-09:23:31.png,0.0136058433,0.6129635,0.01258042,0.000968501437,0.0001553636,0.00100611348,2.029134e-05,0.358699977,aluno3
9:23:30-aluno3-2017-06-19-09:23:33.png,0.0186047647,0.6482709,0.0108227115,0.0006854053,6.347707e-05,0.000699174358,1.421141e-05,0.320839345,aluno3
